FGT HV Settings
Channel(ignored), voltage, current limit, ramp rate, maxCycles, resetDelay, autoResetEnabled (0=no), channelEnabled(0=no)
u0, 0.000000, 0.000000, 0, 5, 10, 0, 0
u1, 0.000000, 0.000000, 0, 5, 10, 0, 0
u2, 0.000000, 0.000000, 0, 5, 10, 0, 0
u3, 0.000000, 0.000000, 0, 5, 10, 0, 0
u4, 0.000000, 0.000000, 0, 5, 10, 0, 0
u5, 0.000000, 0.000000, 0, 5, 10, 0, 0
u6, 0.000000, 0.000000, 0, 5, 10, 0, 0
u7, 0.000000, 0.000000, 0, 5, 10, 0, 0
u100, 0.000000, 0.000000, 0, 5, 10, 0, 0
u101, 0.000000, 0.000000, 0, 5, 10, 0, 0
u102, 0.000000, 0.000000, 0, 5, 10, 0, 0
u103, 0.000000, 0.000000, 0, 5, 10, 0, 0
u104, 0.000000, 0.000000, 0, 5, 10, 0, 0
u105, 0.000000, 0.000000, 0, 5, 10, 0, 0
u106, 0.000000, 0.000000, 0, 5, 10, 0, 0
u107, 0.000000, 0.000000, 0, 5, 10, 0, 0
u200, 0.000000, 0.000000, 0, 5, 10, 0, 0
u201, 0.000000, 0.000000, 0, 5, 10, 0, 0
u202, 0.000000, 0.000000, 0, 5, 10, 0, 0
u203, 0.000000, 0.000000, 0, 5, 10, 0, 0
u204, 0.000000, 0.000000, 0, 5, 10, 0, 0
u205, 0.000000, 0.000000, 0, 5, 10, 0, 0
u206, 0.000000, 0.000000, 0, 5, 10, 0, 0
u207, 0.000000, 0.000000, 0, 5, 10, 0, 0
