0    0
1    16
2    32
3    48
4    64
5    80
6    96
7    112
8    4
9    20
10    36
11    52
12    68
13    84
14    100
15    116
16    8
17    24
18    40
19    56
20    72
21    88
22    104
23    120
24    12
25    28
26    44
27    60
28    76
29    92
30    108
31    124
32    1
33    17
34    33
35    49
36    65
37    81
38    97
39    113
40    5
41    21
42    37
43    53
44    69
45    85
46    101
47    117
48    9
49    25
50    41
51    57
52    73
53    89
54    105
55    121
56    13
57    29
58    45
59    61
60    77
61    93
62    109
63    125
64    2
65    18
66    34
67    50
68    66
69    82
70    98
71    114
72    6
73    22
74    38
75    54
76    70
77    86
78    102
79    118
80    10
81    26
82    42
83    58
84    74
85    90
86    106
87    122
88    14
89    30
90    46
91    62
92    78
93    94
94    110
95    126
96    3
97    19
98    35
99    51
100    67
101    83
102    99
103    115
104    7
105    23
106    39
107    55
108    71
109    87
110    103
111    119
112    11
113    27
114    43
115    59
116    75
117    91
118    107
119    123
120    15
121    31
122    47
123    63
124    79
125    95
126    111
127    127
