179.267    6.23565    59.6125    27.118    78.4375    27.118
179.357    2.56805    47.0625    18.774    59.6125    14.602
265.424    10.3198    97.2625    31.886    84.7125    30.694
179.312    4.76884    21.9625    22.35    15.6875    19.37
207.244    19.1286    59.6125    31.29    53.3375    22.946
178.547    17.2167    47.0625    32.482    53.3375    25.926
179.21    7.70205    90.9875    27.714    134.913    25.926
179.102    9.90065    109.812    31.886    109.812    28.31
179.375    0.366877    34.5125    12.814    21.9625    3.874
265.531    7.06187    90.9875    35.462    147.462    20.562
265.158    15.746    128.637    35.462    134.913    30.694
179.357    2.56805    103.537    11.622    147.462    2.086
178.157    20.8647    53.3375    32.482    78.4375    25.33
207.463    16.5839    53.3375    31.29    59.6125    26.522
175.097    38.9432    59.6125    30.694    78.4375    3.874
179.24    6.96891    90.9875    19.37    97.2625    8.046
207.999    7.2351    90.9875    22.35    103.537    14.602
265.22    14.6612    116.088    34.866    103.537    29.502
179.33    4.03531    34.5125    21.158    21.9625    17.582
178.616    16.4862    53.3375    30.694    78.4375    25.33
179.357    2.56805    53.3375    27.714    47.0625    31.29
179.267    6.23565    59.6125    30.694    78.4375    33.674
178.241    20.1357    40.7875    34.27    53.3375    28.31
179.141    9.16793    28.2375    18.178    28.2375    8.046
179.372    1.10062    53.3375    19.37    78.4375    17.582
208.027    6.38419    103.537    27.714    134.913    28.31
208.09    3.8309    103.537    16.986    122.362    8.046
179.366    1.83435    97.2625    15.794    116.088    8.046
206.712    24.2088    97.2625    36.654    128.637    27.714
265.58    4.88929    109.812    19.966    90.9875    9.834
179.21    7.70205    34.5125    16.986    34.5125    6.854
208.09    3.8309    40.7875    27.714    28.2375    30.098
179.015    11.3656    97.2625    32.482    134.913    30.694
207.707    13.1872    97.2625    37.846    78.4375    35.462
208.104    2.97966    128.637    16.986    147.462    7.45
178.475    17.9469    90.9875    37.846    141.188    36.058
207.853    10.6374    47.0625    23.542    21.9625    14.602
178.967    12.0978    53.3375    34.27    72.1625    36.058
179.291    5.50229    53.3375    21.754    53.3375    15.794
235.872    21.7709    116.088    37.25    147.462    30.098
231.839    48.5854    122.362    15.794    116.088    15.198
179.291    5.50229    116.088    33.078    128.637    36.058
207.244    19.1286    40.7875    34.27    34.5125    29.502
179.357    2.56805    28.2375    19.966    15.6875    16.39
207.321    18.2806    59.6125    31.886    40.7875    22.35
176.543    31.7501    53.3375    36.654    128.637    34.27
179.102    9.90065    28.2375    34.27    21.9625    37.25
208.072    4.68208    116.088    23.542    128.637    18.774
179.015    11.3656    53.3375    33.674    53.3375    33.674
179.141    9.16793    90.9875    34.866    84.7125    34.27
208.125    0.425679    59.6125    15.198    53.3375    8.642
265.558    5.97563    109.812    30.098    90.9875    30.098
178.071    21.5933    34.5125    37.846    34.5125    33.674
179.267    6.23565    40.7875    24.734    40.7875    22.35
179.21    7.70205    40.7875    29.502    21.9625    28.906
179.141    9.16793    47.0625    16.986    65.8875    5.662
207.759    12.3375    97.2625    28.906    103.537    21.754
208.072    4.68208    59.6125    19.966    53.3375    13.41
179.375    0.366877    34.5125    15.198    28.2375    13.41
236.732    8.23454    90.9875    18.774    84.7125    6.854
208.051    5.53318    122.362    30.694    116.088    29.502
179.177    8.43506    109.812    25.926    97.2625    16.39
207.164    19.9761    109.812    37.25    134.913    27.118
178.547    17.2167    97.2625    31.29    134.913    22.35
208.114    2.12836    47.0625    18.774    40.7875    14.602
178.916    12.8297    47.0625    22.35    47.0625    11.026
236.815    5.32886    116.088    22.35    128.637    16.39
208.114    2.12836    103.537    25.33    103.537    25.33
179.24    6.96891    97.2625    30.098    147.462    31.886
264.692    22.2486    103.537    36.654    90.9875    28.31
236.815    5.32886    122.362    25.926    128.637    22.35
179.357    2.56805    128.637    27.118    147.462    26.522
178.682    15.7554    34.5125    34.27    28.2375    31.29
179.267    6.23565    109.812    22.35    109.812    14.602
208.121    1.27703    103.537    21.158    122.362    18.774
178.241    20.1357    40.7875    10.43    47.0625    35.462
207.463    16.5839    109.812    33.674    134.913    27.714
208.121    1.27703    134.913    20.562    141.188    15.794
179.372    1.10062    53.3375    21.158    72.1625    19.966
178.547    17.2167    47.0625    27.118    72.1625    18.178
179.312    4.76884    47.0625    19.966    28.2375    14.006
178.916    12.8297    40.7875    36.058    34.5125    36.654
265.5    8.14799    134.913    0.894    134.913    11.622
236.863    2.42237    116.088    17.582    134.913    10.43
179.366    1.83435    109.812    18.178    97.2625    10.43
179.015    11.3656    47.0625    27.714    53.3375    23.542
179.24    6.96891    103.537    31.29    128.637    32.482
236.815    5.32886    90.9875    18.774    78.4375    9.238
178.547    17.2167    53.3375    18.774    65.8875    37.846
236.851    3.39126    109.812    15.198    116.088    3.278
179.366    1.83435    53.3375    12.814    53.3375    3.278
179.33    4.03531    59.6125    15.794    59.6125    6.258
179.21    7.70205    34.5125    24.734    28.2375    20.562
178.071    21.5933    34.5125    37.25    34.5125    33.674
236.657    10.171    134.913    31.886    147.462    29.502
208.051    5.53318    103.537    6.854    134.913    3.874
208.114    2.12836    97.2625    19.37    97.2625    14.006
208.104    2.97966    53.3375    19.966    40.7875    15.794
179.312    4.76884    40.7875    27.714    28.2375    28.906
179.375    0.366877    47.0625    11.622    59.6125    2.682
265.531    7.06187    122.362    27.714    134.913    24.734
265.5    8.14799    116.088    19.966    116.088    8.642
236.399    15.0089    122.362    30.694    128.637    21.158
179.312    4.76884    59.6125    27.118    47.0625    27.118
179.267    6.23565    40.7875    14.602    34.5125    2.682
207.853    10.6374    103.537    25.926    97.2625    16.39
179.177    8.43506    53.3375    21.754    78.4375    15.198
207.321    18.2806    97.2625    37.846    84.7125    30.694
179.33    4.03531    40.7875    14.602    47.0625    4.47
179.21    7.70205    21.9625    21.754    15.6875    16.39
179.015    11.3656    40.7875    33.674    34.5125    33.674
265.22    14.6612    128.637    36.654    134.913    33.674
179.015    11.3656    97.2625    30.098    78.4375    21.158
265.278    13.5762    116.088    37.25    103.537    36.058
259.051    58.7287    9.4125    13.41    15.6875    31.29
207.808    11.4875    90.9875    28.31    97.2625    21.754
207.808    11.4875    59.6125    18.774    65.8875    5.662
208.027    6.38419    97.2625    30.098    103.537    30.098
179.375    0.366877    109.812    14.602    134.913    7.45
207.463    16.5839    103.537    33.674    103.537    25.33
236.764    7.26609    97.2625    23.542    97.2625    16.39
208.125    0.425679    116.088    19.37    116.088    14.602
178.862    13.5615    53.3375    32.482    59.6125    29.502
178.682    15.7554    40.7875    31.886    53.3375    27.118
179.366    1.83435    59.6125    15.794    78.4375    9.238
175.856    35.3541    3.1375    27.714    128.637    33.078
178.805    14.293    47.0625    33.078    40.7875    30.098
207.244    19.1286    90.9875    33.674    109.812    25.33
179.24    6.96891    109.812    33.674    122.362    36.058
207.463    16.5839    109.812    35.462    147.462    33.078
207.808    11.4875    128.637    37.25    134.913    36.058
206.81    23.363    59.6125    37.846    47.0625    28.906
206.903    22.5169    47.0625    33.674    34.5125    25.33
208.121    1.27703    90.9875    12.218    84.7125    1.49
236.851    3.39126    109.812    28.31    116.088    28.906
202.784    46.8456    40.7875    24.138    103.537    15.794
236.851    3.39126    122.362    28.31    134.913    28.906
177.981    22.3215    47.0625    36.058    59.6125    30.694
236.268    16.9424    122.362    36.058    141.188    30.694
176    34.6344    47.0625    34.27    53.3375    15.794
207.759    12.3375    97.2625    27.118    122.362    20.562
236.657    10.171    90.9875    34.866    65.8875    33.078
177.487    25.9568    15.6875    25.33    116.088    32.482
179.015    11.3656    53.3375    29.502    40.7875    25.33
179.312    4.76884    28.2375    27.118    15.6875    28.31
265.611    2.71638    128.637    26.522    122.362    25.926
179.015    11.3656    28.2375    26.522    15.6875    21.754
179.24    6.96891    40.7875    16.39    15.6875    4.47
178.862    13.5615    34.5125    30.098    34.5125    26.522
236.851    3.39126    103.537    28.31    84.7125    28.906
178.547    17.2167    97.2625    37.846    103.537    31.29
265.611    2.71638    116.088    24.734    116.088    21.754
179.06    10.6332    103.537    28.906    141.188    23.542
207.853    10.6374    109.812    28.31    109.812    22.35
178.322    19.4064    40.7875    34.27    40.7875    28.906
236.871    1.45344    90.9875    28.31    90.9875    31.29
208.09    3.8309    103.537    25.926    78.4375    23.542
178.322    19.4064    53.3375    37.25    59.6125    34.27
236.458    14.0417    97.2625    33.078    103.537    28.906
265.5    8.14799    128.637    22.946    147.462    15.198
179.33    4.03531    59.6125    15.198    84.7125    6.258
207.808    11.4875    90.9875    31.29    122.362    29.502
179.141    9.16793    90.9875    27.118    103.537    21.754
179.141    9.16793    53.3375    25.33    65.8875    20.562
207.651    14.0368    90.9875    30.098    116.088    24.138
179.357    2.56805    97.2625    17.582    122.362    11.622
236.197    17.9087    97.2625    31.886    109.812    22.946
179.366    1.83435    103.537    28.31    90.9875    30.694
207.529    15.7351    90.9875    28.31    103.537    18.178
179.357    2.56805    28.2375    15.794    15.6875    9.238
207.968    8.08588    103.537    29.502    128.637    28.31
208.09    3.8309    116.088    17.582    116.088    6.854
208.121    1.27703    40.7875    16.39    28.2375    9.834
179.345    3.30171    53.3375    12.814    59.6125    8.642
207.707    13.1872    53.3375    29.502    28.2375    23.542
236.764    7.26609    109.812    18.178    122.362    7.45
179.177    8.43506    47.0625    32.482    53.3375    35.462
265.62    1.62984    128.637    15.794    147.462    6.854
179.312    4.76884    109.812    27.714    109.812    24.734
207.529    15.7351    59.6125    27.118    53.3375    16.986
207.968    8.08588    34.5125    28.31    15.6875    27.714
179.267    6.23565    103.537    21.754    78.4375    11.622
236.657    10.171    103.537    35.462    122.362    37.846
179.375    0.366877    40.7875    13.41    53.3375    5.662
207.707    13.1872    122.362    35.462    134.913    31.886
178.745    15.0243    34.5125    30.098    15.6875    23.542
207.707    13.1872    53.3375    31.29    21.9625    25.926
178.475    17.9469    40.7875    35.462    53.3375    33.078
174.772    40.3744    47.0625    27.714    47.0625    15.794
207.999    7.2351    109.812    23.542    141.188    18.178
179.24    6.96891    53.3375    18.178    40.7875    8.046
208.125    0.425679    97.2625    16.986    109.812    11.622
207.999    7.2351    97.2625    30.098    78.4375    28.906
208.027    6.38419    97.2625    32.482    134.913    36.058
179.357    2.56805    59.6125    18.774    84.7125    14.602
179.267    6.23565    116.088    27.714    116.088    23.542
179.345    3.30171    103.537    23.542    84.7125    18.178
207.999    7.2351    47.0625    30.694    34.5125    32.482
178.916    12.8297    15.6875    5.662    21.9625    0.894
207.968    8.08588    122.362    28.906    109.812    19.966
178.862    13.5615    40.7875    31.29    28.2375    27.118
178.862    13.5615    109.812    37.846    122.362    34.27
236.835    4.36009    103.537    21.754    97.2625    15.794
179.366    1.83435    53.3375    23.542    53.3375    23.542
265.598    3.80286    90.9875    30.098    72.1625    32.482
207.759    12.3375    53.3375    31.29    47.0625    28.906
265.624    0.543284    134.913    25.926    147.462    27.118
179.291    5.50229    122.362    19.966    122.362    8.642
178.322    19.4064    21.9625    29.502    21.9625    21.754
265.58    4.88929    141.188    18.178    147.462    5.662
265.558    5.97563    134.913    19.37    141.188    8.642
179.366    1.83435    40.7875    13.41    34.5125    4.47
207.592    14.8861    90.9875    37.846    90.9875    37.25
179.357    2.56805    109.812    26.522    109.812    26.522
236.875    0.484482    103.537    29.502    90.9875    34.27
179.141    9.16793    109.812    37.25    103.537    37.846
207.707    13.1872    34.5125    29.502    21.9625    25.926
208.104    2.97966    90.9875    15.198    84.7125    4.47
207.853    10.6374    53.3375    22.35    53.3375    13.41
179.015    11.3656    59.6125    33.078    84.7125    34.27
178.862    13.5615    47.0625    32.482    34.5125    28.906
178.547    17.2167    90.9875    36.654    84.7125    27.714
179.345    3.30171    90.9875    15.794    90.9875    6.258
179.06    10.6332    47.0625    33.078    72.1625    34.27
179.366    1.83435    59.6125    24.138    78.4375    25.33
178.682    15.7554    28.2375    14.602    34.5125    12.218
179.375    0.366877    40.7875    16.39    47.0625    12.218
179.102    9.90065    109.812    30.098    141.188    27.118
265.58    4.88929    134.913    15.794    141.188    3.278
207.529    15.7351    97.2625    35.462    90.9875    28.906
179.015    11.3656    15.6875    19.37    15.6875    11.026
236.565    12.1068    122.362    33.078    122.362    28.906
179.177    8.43506    21.9625    28.906    15.6875    28.906
208.125    0.425679    53.3375    25.926    28.2375    29.502
207.853    10.6374    103.537    33.078    116.088    31.886
236.458    14.0417    103.537    37.846    78.4375    36.058
265.598    3.80286    109.812    30.694    84.7125    27.118
236.732    8.23454    90.9875    32.482    84.7125    32.482
207.707    13.1872    90.9875    30.694    116.088    26.522
178.862    13.5615    47.0625    27.714    34.5125    19.37
208.114    2.12836    109.812    13.41    147.462    3.874
178.547    17.2167    59.6125    29.502    47.0625    22.946
236.514    13.0744    128.637    27.714    147.462    18.178
208.104    2.97966    103.537    22.35    78.4375    17.582
208.125    0.425679    109.812    18.774    147.462    15.198
179.357    2.56805    103.537    21.158    90.9875    9.834
236.268    16.9424    116.088    30.098    147.462    21.158
264.399    25.4951    122.362    34.27    109.812    15.794
179.015    11.3656    109.812    34.866    103.537    31.29
236.197    17.9087    59.6125    33.078    40.7875    27.118
208.072    4.68208    109.812    19.37    116.088    11.026
179.345    3.30171    40.7875    12.814    47.0625    2.086
207.529    15.7351    53.3375    33.674    34.5125    29.502
178.322    19.4064    34.5125    36.654    21.9625    30.694
265.62    1.62984    116.088    25.33    97.2625    25.33
207.999    7.2351    103.537    31.29    141.188    33.674
208.104    2.97966    97.2625    17.582    97.2625    9.834
236.875    0.484482    103.537    22.35    122.362    21.754
207.895    9.78702    53.3375    33.674    47.0625    35.462
236.863    2.42237    109.812    26.522    122.362    27.118
178.322    19.4064    28.2375    18.774    34.5125    17.582
179.291    5.50229    34.5125    31.886    40.7875    37.25
207.394    17.4324    53.3375    8.046    84.7125    37.25
179.06    10.6332    109.812    33.674    134.913    31.886
179.06    10.6332    47.0625    28.31    59.6125    25.33
179.291    5.50229    59.6125    30.098    84.7125    33.674
264.945    18.9987    90.9875    34.27    72.1625    25.926
179.375    0.366877    40.7875    12.218    15.6875    3.874
178.916    12.8297    47.0625    24.138    47.0625    14.006
207.853    10.6374    116.088    37.25    109.812    37.846
207.707    13.1872    90.9875    29.502    122.362    24.734
178.916    12.8297    59.6125    29.502    53.3375    27.714
179.33    4.03531    34.5125    32.482    40.7875    16.39
179.177    8.43506    97.2625    34.866    84.7125    33.674
179.015    11.3656    28.2375    25.33    21.9625    19.37
208.114    2.12836    40.7875    13.41    21.9625    4.47
236.835    4.36009    103.537    25.33    116.088    23.542
208.051    5.53318    116.088    18.774    122.362    8.046
179.267    6.23565    59.6125    31.886    59.6125    34.866
207.081    20.8234    47.0625    36.058    34.5125    30.694
178.475    17.9469    59.6125    27.118    78.4375    16.986
236.613    11.139    97.2625    25.33    103.537    18.178
179.267    6.23565    53.3375    18.178    78.4375    9.834
236.835    4.36009    28.2375    2.086    84.7125    11.026
179.24    6.96891    28.2375    18.774    15.6875    11.026
207.707    13.1872    53.3375    34.27    59.6125    34.866
207.592    14.8861    122.362    37.846    116.088    33.078
178.475    17.9469    53.3375    30.694    65.8875    23.542
265.331    12.4909    34.5125    17.582    28.2375    12.218
179.312    4.76884    28.2375    19.37    21.9625    13.41
179.345    3.30171    53.3375    27.118    47.0625    29.502
265.531    7.06187    109.812    27.118    97.2625    22.946
178.805    14.293    40.7875    31.29    53.3375    29.502
179.372    1.10062    47.0625    11.026    40.7875    0.894
236.791    6.29753    97.2625    31.886    97.2625    33.674
257.532    65.0685    128.637    30.098    103.537    0.894
207.463    16.5839    47.0625    36.654    28.2375    34.866
179.312    4.76884    40.7875    29.502    40.7875    32.482
207.651    14.0368    34.5125    34.27    15.6875    33.674
179.24    6.96891    59.6125    30.098    59.6125    30.098
207.463    16.5839    40.7875    32.482    21.9625    27.118
179.267    6.23565    28.2375    15.794    28.2375    6.258
