0 1 0 0 0 11.48758
0 1 0 0 1 10.84063
0 1 0 0 2 16.51093
0 1 0 0 3 12.80056
0 1 0 0 4 12.65829
0 1 0 0 5 11.59048
0 1 0 0 6 16.82955
0 1 0 0 7 12.61684
0 1 0 0 8 12.21572
1 1 0 1 0 8.94231
1 1 0 1 1 7.94599
1 1 0 1 2 13.84068
1 1 0 1 3 8.62102
1 1 0 1 4 8.24629
1 1 0 1 5 7.63105
1 1 0 1 6 14.06706
1 1 0 1 7 8.66804
1 1 0 1 8 8.44524
2 1 0 2 0 7.51714
2 1 0 2 1 6.81064
2 1 0 2 2 11.97986
2 1 0 2 3 7.04936
2 1 0 2 4 6.41163
2 1 0 2 5 6.20153
2 1 0 2 6 12.07730
2 1 0 2 7 7.17922
2 1 0 2 8 6.94975
3 1 0 3 0 7.36075
3 1 0 3 1 6.94307
3 1 0 3 2 11.24525
3 1 0 3 3 7.15437
3 1 0 3 4 6.33406
3 1 0 3 5 6.31462
3 1 0 3 6 11.25348
3 1 0 3 7 7.28150
3 1 0 3 8 6.90448
4 1 0 4 0 16.28099
4 1 0 4 1 14.32318
4 1 0 4 2 22.53583
4 1 0 4 3 14.67088
4 1 0 4 4 15.01011
4 1 0 4 5 14.21670
4 1 0 4 6 22.66575
4 1 0 4 7 14.85042
4 1 0 4 8 15.13872
5 1 0 5 0 11.54276
5 1 0 5 1 9.70849
5 1 0 5 2 18.66454
5 1 0 5 3 9.47875
5 1 0 5 4 10.28802
5 1 0 5 5 9.49750
5 1 0 5 6 18.91268
5 1 0 5 7 9.83996
5 1 0 5 8 10.66140
6 1 0 6 0 8.17680
6 1 0 6 1 6.99188
6 1 0 6 2 15.20045
6 1 0 6 3 6.42964
6 1 0 6 4 7.27770
6 1 0 6 5 6.76997
6 1 0 6 6 15.26358
6 1 0 6 7 6.62989
6 1 0 6 8 7.82074
7 1 0 7 0 7.52549
7 1 0 7 1 7.11668
7 1 0 7 2 13.57173
7 1 0 7 3 6.42739
7 1 0 7 4 6.77443
7 1 0 7 5 6.83423
7 1 0 7 6 13.62591
7 1 0 7 7 6.65874
7 1 0 7 8 7.39530
8 1 0 8 0 12.65618
8 1 0 8 1 12.96310
8 1 0 8 2 17.40467
8 1 0 8 3 14.06448
8 1 0 8 4 13.29235
8 1 0 8 5 12.18525
8 1 0 8 6 17.55527
8 1 0 8 7 13.59180
8 1 0 8 8 12.56409
9 1 0 9 0 9.25547
9 1 0 9 1 8.79736
9 1 0 9 2 14.02728
9 1 0 9 3 9.03938
9 1 0 9 4 8.62751
9 1 0 9 5 7.99859
9 1 0 9 6 13.97035
9 1 0 9 7 9.00509
9 1 0 9 8 8.73939
10 1 0 10 0 7.75509
10 1 0 10 1 6.93458
10 1 0 10 2 11.68921
10 1 0 10 3 6.97820
10 1 0 10 4 6.57613
10 1 0 10 5 6.44108
10 1 0 10 6 11.82478
10 1 0 10 7 7.20065
10 1 0 10 8 7.07774
11 1 0 11 0 7.84646
11 1 0 11 1 7.05057
11 1 0 11 2 11.09800
11 1 0 11 3 7.33742
11 1 0 11 4 6.59206
11 1 0 11 5 6.99596
11 1 0 11 6 11.05505
11 1 0 11 7 7.44210
11 1 0 11 8 7.18804
12 1 0 12 0 17.69088
12 1 0 12 1 17.05266
12 1 0 12 2 23.87020
12 1 0 12 3 16.60287
12 1 0 12 4 16.55777
12 1 0 12 5 16.21245
12 1 0 12 6 24.00848
12 1 0 12 7 17.25211
12 1 0 12 8 16.86969
13 1 0 13 0 12.64166
13 1 0 13 1 11.68686
13 1 0 13 2 19.68932
13 1 0 13 3 11.17374
13 1 0 13 4 11.71543
13 1 0 13 5 10.99416
13 1 0 13 6 19.75669
13 1 0 13 7 11.51886
13 1 0 13 8 11.92871
14 1 0 14 0 8.85125
14 1 0 14 1 7.43950
14 1 0 14 2 15.66572
14 1 0 14 3 6.94577
14 1 0 14 4 7.88174
14 1 0 14 5 7.24302
14 1 0 14 6 15.84381
14 1 0 14 7 7.21411
14 1 0 14 8 8.38290
15 1 0 15 0 8.37269
15 1 0 15 1 7.39700
15 1 0 15 2 14.14549
15 1 0 15 3 6.90311
15 1 0 15 4 7.54669
15 1 0 15 5 7.40890
15 1 0 15 6 14.28486
15 1 0 15 7 7.00265
15 1 0 15 8 8.21573
16 1 1 16 0 11.16385
16 1 1 16 1 9.91446
16 1 1 16 2 16.51259
16 1 1 16 3 11.75254
16 1 1 16 4 11.65397
16 1 1 16 5 10.38554
16 1 1 16 6 17.05167
16 1 1 16 7 11.72350
16 1 1 16 8 11.36453
17 1 1 17 0 8.61179
17 1 1 17 1 7.48551
17 1 1 17 2 14.27250
17 1 1 17 3 8.43538
17 1 1 17 4 8.03159
17 1 1 17 5 7.22315
17 1 1 17 6 14.33347
17 1 1 17 7 8.30611
17 1 1 17 8 8.34999
18 1 1 0 0 7.52056
18 1 1 0 1 7.00451
18 1 1 0 2 12.18060
18 1 1 0 3 7.03265
18 1 1 0 4 6.48068
18 1 1 0 5 6.41051
18 1 1 0 6 12.22669
18 1 1 0 7 7.25233
18 1 1 0 8 7.04534
19 1 1 1 0 7.36161
19 1 1 1 1 7.14589
19 1 1 1 2 11.02693
19 1 1 1 3 7.06772
19 1 1 1 4 6.18393
19 1 1 1 5 6.42625
19 1 1 1 6 11.20240
19 1 1 1 7 7.33184
19 1 1 1 8 6.71720
20 1 1 2 0 12.47877
20 1 1 2 1 10.05248
20 1 1 2 2 21.47636
20 1 1 2 3 11.46149
20 1 1 2 4 12.08610
20 1 1 2 5 10.43672
20 1 1 2 6 20.90871
20 1 1 2 7 10.95315
20 1 1 2 8 11.98302
21 1 1 3 0 10.08960
21 1 1 3 1 7.78189
21 1 1 3 2 18.99491
21 1 1 3 3 8.37776
21 1 1 3 4 9.35521
21 1 1 3 5 7.87395
21 1 1 3 6 18.40935
21 1 1 3 7 7.86092
21 1 1 3 8 9.80637
22 1 1 4 0 8.12274
22 1 1 4 1 6.65172
22 1 1 4 2 15.56729
22 1 1 4 3 5.96500
22 1 1 4 4 7.29299
22 1 1 4 5 6.55702
22 1 1 4 6 15.30887
22 1 1 4 7 5.99995
22 1 1 4 8 7.95805
23 1 1 5 0 7.52589
23 1 1 5 1 6.82611
23 1 1 5 2 13.44693
23 1 1 5 3 5.70238
23 1 1 5 4 6.84060
23 1 1 5 5 6.52009
23 1 1 5 6 13.58271
23 1 1 5 7 5.90163
23 1 1 5 8 7.41954
24 1 1 6 0 11.03266
24 1 1 6 1 17.32846
24 1 1 6 2 11.99371
24 1 1 6 3 12.29295
24 1 1 6 4 11.08437
24 1 1 6 5 18.08357
24 1 1 6 6 12.16286
24 1 1 6 7 11.84124
24 1 1 6 8 10.37702
25 1 1 7 0 7.74664
25 1 1 7 1 14.84411
25 1 1 7 2 8.18368
25 1 1 7 3 7.91586
25 1 1 7 4 6.99492
25 1 1 7 5 15.20420
25 1 1 7 6 8.19262
25 1 1 7 7 8.26005
25 1 1 7 8 7.19676
26 1 1 8 0 7.35717
26 1 1 8 1 12.71639
26 1 1 8 2 7.19766
26 1 1 8 3 6.46322
26 1 1 8 4 6.23273
26 1 1 8 5 12.99708
26 1 1 8 6 7.14640
26 1 1 8 7 7.02696
26 1 1 8 8 6.46615
27 1 1 9 0 7.59018
27 1 1 9 1 11.52627
27 1 1 9 2 7.19334
27 1 1 9 3 6.25323
27 1 1 9 4 6.34184
27 1 1 9 5 11.79012
27 1 1 9 6 7.18767
27 1 1 9 7 6.88326
27 1 1 9 8 6.68994
28 1 1 10 0 9.58900
28 1 1 10 1 19.88569
28 1 1 10 2 10.33576
28 1 1 10 3 10.90704
28 1 1 10 4 9.07695
28 1 1 10 5 20.12431
28 1 1 10 6 10.31164
28 1 1 10 7 11.18806
28 1 1 10 8 8.87405
29 1 1 11 0 7.91862
29 1 1 11 1 17.53367
29 1 1 11 2 7.81244
29 1 1 11 3 8.79096
29 1 1 11 4 7.33908
29 1 1 11 5 17.72484
29 1 1 11 6 7.73135
29 1 1 11 7 9.00204
29 1 1 11 8 7.36294
30 1 1 12 0 7.27615
30 1 1 12 1 14.54300
30 1 1 12 2 5.90977
30 1 1 12 3 6.92955
30 1 1 12 4 6.42806
30 1 1 12 5 14.76033
30 1 1 12 6 5.99077
30 1 1 12 7 7.32426
30 1 1 12 8 6.55147
31 1 1 13 0 7.29449
31 1 1 13 1 12.61868
31 1 1 13 2 5.68490
31 1 1 13 3 6.33726
31 1 1 13 4 6.43888
31 1 1 13 5 12.83165
31 1 1 13 6 5.66846
31 1 1 13 7 6.70343
31 1 1 13 8 6.58156
32 1 2 14 0 13.17329
32 1 2 14 1 17.68702
32 1 2 14 2 13.84672
32 1 2 14 3 14.14781
32 1 2 14 4 13.53979
32 1 2 14 5 18.45527
32 1 2 14 6 14.31946
32 1 2 14 7 14.20125
32 1 2 14 8 12.95409
33 1 2 15 0 9.14387
33 1 2 15 1 14.36765
33 1 2 15 2 9.30179
33 1 2 15 3 9.19493
33 1 2 15 4 8.63862
33 1 2 15 5 15.03694
33 1 2 15 6 9.49837
33 1 2 15 7 9.43951
33 1 2 15 8 8.57059
34 1 2 16 0 7.42323
34 1 2 16 1 12.14345
34 1 2 16 2 7.30829
34 1 2 16 3 6.83065
34 1 2 16 4 6.34825
34 1 2 16 5 12.58180
34 1 2 16 6 7.43408
34 1 2 16 7 7.13659
34 1 2 16 8 6.63562
35 1 2 17 0 7.71835
35 1 2 17 1 11.33650
35 1 2 17 2 7.55176
35 1 2 17 3 6.50025
35 1 2 17 4 6.56468
35 1 2 17 5 11.69810
35 1 2 17 6 7.37609
35 1 2 17 7 7.08352
35 1 2 17 8 6.92883
36 1 2 0 0 13.11145
36 1 2 0 1 20.69104
36 1 2 0 2 13.12324
36 1 2 0 3 13.52840
36 1 2 0 4 12.25321
36 1 2 0 5 21.28460
36 1 2 0 6 13.34514
36 1 2 0 7 13.60519
36 1 2 0 8 12.48837
37 1 2 1 0 9.56670
37 1 2 1 1 17.64549
37 1 2 1 2 9.11415
37 1 2 1 3 9.82319
37 1 2 1 4 8.62433
37 1 2 1 5 17.91426
37 1 2 1 6 9.15802
37 1 2 1 7 10.07348
37 1 2 1 8 8.81439
38 1 2 2 0 7.41652
38 1 2 2 1 14.43054
38 1 2 2 2 6.39704
38 1 2 2 3 7.07190
38 1 2 2 4 6.59716
38 1 2 2 5 14.76470
38 1 2 2 6 6.41173
38 1 2 2 7 7.50857
38 1 2 2 8 6.68756
39 1 2 3 0 7.41263
39 1 2 3 1 12.97628
39 1 2 3 2 6.21395
39 1 2 3 3 6.58526
39 1 2 3 4 6.64218
39 1 2 3 5 13.06260
39 1 2 3 6 6.25752
39 1 2 3 7 6.95101
39 1 2 3 8 6.77466
40 1 2 4 0 13.47983
40 1 2 4 1 12.44449
40 1 2 4 2 18.41767
40 1 2 4 3 13.90716
40 1 2 4 4 13.80803
40 1 2 4 5 13.36172
40 1 2 4 6 18.72217
40 1 2 4 7 14.19310
40 1 2 4 8 13.90799
41 1 2 5 0 9.08048
41 1 2 5 1 8.22904
41 1 2 5 2 14.65520
41 1 2 5 3 8.79938
41 1 2 5 4 8.58407
41 1 2 5 5 8.02392
41 1 2 5 6 14.85425
41 1 2 5 7 9.11331
41 1 2 5 8 8.90800
42 1 2 6 0 7.39578
42 1 2 6 1 6.92286
42 1 2 6 2 12.22922
42 1 2 6 3 6.97543
42 1 2 6 4 6.29194
42 1 2 6 5 6.37862
42 1 2 6 6 12.16251
42 1 2 6 7 7.06505
42 1 2 6 8 6.91717
43 1 2 7 0 7.58499
43 1 2 7 1 7.35718
43 1 2 7 2 11.26965
43 1 2 7 3 7.32880
43 1 2 7 4 6.23426
43 1 2 7 5 6.83443
43 1 2 7 6 11.13176
43 1 2 7 7 7.22215
43 1 2 7 8 6.86286
44 1 2 8 0 14.44589
44 1 2 8 1 12.34653
44 1 2 8 2 21.87920
44 1 2 8 3 13.20312
44 1 2 8 4 13.48711
44 1 2 8 5 12.30019
44 1 2 8 6 21.19210
44 1 2 8 7 13.42007
44 1 2 8 8 13.80054
45 1 2 9 0 10.86672
45 1 2 9 1 9.19964
45 1 2 9 2 18.50181
45 1 2 9 3 9.18738
45 1 2 9 4 10.05379
45 1 2 9 5 9.08361
45 1 2 9 6 18.09671
45 1 2 9 7 9.48716
45 1 2 9 8 10.29714
46 1 2 10 0 7.96759
46 1 2 10 1 7.00934
46 1 2 10 2 14.68403
46 1 2 10 3 6.24997
46 1 2 10 4 7.03843
46 1 2 10 5 6.79894
46 1 2 10 6 14.62820
46 1 2 10 7 6.42263
46 1 2 10 8 7.55302
47 1 2 11 0 7.39652
47 1 2 11 1 7.24541
47 1 2 11 2 12.79964
47 1 2 11 3 6.12938
47 1 2 11 4 6.47777
47 1 2 11 5 7.02502
47 1 2 11 6 12.90720
47 1 2 11 7 6.11838
47 1 2 11 8 7.11391
48 2 0 12 0 13.11799
48 2 0 12 1 11.55965
48 2 0 12 2 17.66547
48 2 0 12 3 12.89474
48 2 0 12 4 13.32255
48 2 0 12 5 11.98304
48 2 0 12 6 18.43093
48 2 0 12 7 12.53973
48 2 0 12 8 11.78779
49 2 0 13 0 9.58122
49 2 0 13 1 8.04866
49 2 0 13 2 14.98582
49 2 0 13 3 8.75349
49 2 0 13 4 9.03434
49 2 0 13 5 7.90410
49 2 0 13 6 15.05879
49 2 0 13 7 8.57653
49 2 0 13 8 8.62514
50 2 0 14 0 8.10974
50 2 0 14 1 6.77195
50 2 0 14 2 12.70463
50 2 0 14 3 7.12328
50 2 0 14 4 7.26464
50 2 0 14 5 6.82181
50 2 0 14 6 12.35468
50 2 0 14 7 6.96155
50 2 0 14 8 7.22587
51 2 0 15 0 7.91189
51 2 0 15 1 6.96909
51 2 0 15 2 11.70643
51 2 0 15 3 7.09012
51 2 0 15 4 7.09791
51 2 0 15 5 7.10005
51 2 0 15 6 11.28200
51 2 0 15 7 7.04810
51 2 0 15 8 7.11110
52 2 0 16 0 14.28249
52 2 0 16 1 11.78858
52 2 0 16 2 21.14693
52 2 0 16 3 12.29099
52 2 0 16 4 13.60567
52 2 0 16 5 11.74910
52 2 0 16 6 20.91204
52 2 0 16 7 13.05433
52 2 0 16 8 13.54064
53 2 0 17 0 10.93104
53 2 0 17 1 8.55899
53 2 0 17 2 18.09547
53 2 0 17 3 8.65120
53 2 0 17 4 10.38619
53 2 0 17 5 8.64256
53 2 0 17 6 17.77198
53 2 0 17 7 8.90023
53 2 0 17 8 10.16609
54 2 0 0 0 8.26476
54 2 0 0 1 6.54677
54 2 0 0 2 14.51393
54 2 0 0 3 5.83644
54 2 0 0 4 7.70080
54 2 0 0 5 6.54087
54 2 0 0 6 14.22183
54 2 0 0 7 5.90944
54 2 0 0 8 7.51234
55 2 0 1 0 7.72370
55 2 0 1 1 6.66784
55 2 0 1 2 12.74134
55 2 0 1 3 5.86106
55 2 0 1 4 7.34740
55 2 0 1 5 6.81900
55 2 0 1 6 12.57880
55 2 0 1 7 5.70603
55 2 0 1 8 7.09404
56 2 0 2 0 12.13524
56 2 0 2 1 11.08109
56 2 0 2 2 17.09815
56 2 0 2 3 11.91828
56 2 0 2 4 12.30533
56 2 0 2 5 11.39044
56 2 0 2 6 17.87558
56 2 0 2 7 11.88355
56 2 0 2 8 10.95002
57 2 0 3 0 8.96604
57 2 0 3 1 7.66262
57 2 0 3 2 14.48876
57 2 0 3 3 8.34037
57 2 0 3 4 8.52721
57 2 0 3 5 7.62776
57 2 0 3 6 14.50725
57 2 0 3 7 8.29025
57 2 0 3 8 7.98020
58 2 0 4 0 7.80879
58 2 0 4 1 6.78543
58 2 0 4 2 12.26322
58 2 0 4 3 7.09658
58 2 0 4 4 6.99950
58 2 0 4 5 6.61038
58 2 0 4 6 11.98312
58 2 0 4 7 6.93721
58 2 0 4 8 6.93132
59 2 0 5 0 7.71478
59 2 0 5 1 6.98703
59 2 0 5 2 11.03872
59 2 0 5 3 7.10941
59 2 0 5 4 6.78952
59 2 0 5 5 6.82062
59 2 0 5 6 10.77405
59 2 0 5 7 6.99676
59 2 0 5 8 6.90616
60 2 0 6 0 13.59590
60 2 0 6 1 10.95585
60 2 0 6 2 21.82152
60 2 0 6 3 11.90602
60 2 0 6 4 12.96933
60 2 0 6 5 10.98102
60 2 0 6 6 21.69880
60 2 0 6 7 12.29112
60 2 0 6 8 12.53180
61 2 0 7 0 10.77040
61 2 0 7 1 8.27821
61 2 0 7 2 19.09927
61 2 0 7 3 8.60390
61 2 0 7 4 10.16995
61 2 0 7 5 8.40623
61 2 0 7 6 18.90813
61 2 0 7 7 8.62235
61 2 0 7 8 9.74281
62 2 0 8 0 8.43188
62 2 0 8 1 6.91316
62 2 0 8 2 15.59382
62 2 0 8 3 6.05921
62 2 0 8 4 7.70386
62 2 0 8 5 6.90398
62 2 0 8 6 15.54272
62 2 0 8 7 6.02153
62 2 0 8 8 7.46293
63 2 0 9 0 7.67458
63 2 0 9 1 7.11331
63 2 0 9 2 13.57769
63 2 0 9 3 5.83482
63 2 0 9 4 7.07058
63 2 0 9 5 7.02998
63 2 0 9 6 13.47020
63 2 0 9 7 5.77851
63 2 0 9 8 6.96630
64 2 1 10 0 12.23808
64 2 1 10 1 11.13072
64 2 1 10 2 18.07969
64 2 1 10 3 12.77782
64 2 1 10 4 12.66331
64 2 1 10 5 11.41852
64 2 1 10 6 17.83174
64 2 1 10 7 11.92228
64 2 1 10 8 11.45941
65 2 1 11 0 9.23925
65 2 1 11 1 8.10132
65 2 1 11 2 15.49839
65 2 1 11 3 9.13870
65 2 1 11 4 9.15346
65 2 1 11 5 8.12759
65 2 1 11 6 14.76413
65 2 1 11 7 8.58433
65 2 1 11 8 8.67445
66 2 1 12 0 7.65337
66 2 1 12 1 6.67593
66 2 1 12 2 12.74088
66 2 1 12 3 7.11488
66 2 1 12 4 6.96875
66 2 1 12 5 6.63634
66 2 1 12 6 12.29837
66 2 1 12 7 7.00558
66 2 1 12 8 6.83790
67 2 1 13 0 7.39191
67 2 1 13 1 6.74416
67 2 1 13 2 11.48645
67 2 1 13 3 6.97270
67 2 1 13 4 6.60108
67 2 1 13 5 6.81764
67 2 1 13 6 11.13020
67 2 1 13 7 6.99940
67 2 1 13 8 6.60920
68 2 1 14 0 15.04923
68 2 1 14 1 12.77769
68 2 1 14 2 23.68685
68 2 1 14 3 14.06182
68 2 1 14 4 15.09660
68 2 1 14 5 12.99422
68 2 1 14 6 22.50485
68 2 1 14 7 13.37578
68 2 1 14 8 14.57852
69 2 1 15 0 11.40163
69 2 1 15 1 9.28834
69 2 1 15 2 19.96770
69 2 1 15 3 9.73081
69 2 1 15 4 11.24052
69 2 1 15 5 9.37263
69 2 1 15 6 19.11508
69 2 1 15 7 9.17614
69 2 1 15 8 10.80016
70 2 1 16 0 8.67658
70 2 1 16 1 7.17944
70 2 1 16 2 16.38460
70 2 1 16 3 6.50497
70 2 1 16 4 8.20941
70 2 1 16 5 7.18108
70 2 1 16 6 15.83056
70 2 1 16 7 6.15758
70 2 1 16 8 7.96242
71 2 1 17 0 7.90771
71 2 1 17 1 7.26098
71 2 1 17 2 14.18545
71 2 1 17 3 5.88948
71 2 1 17 4 7.30400
71 2 1 17 5 7.14382
71 2 1 17 6 13.95120
71 2 1 17 7 5.96995
71 2 1 17 8 7.10984
72 2 1 0 0 11.66409
72 2 1 0 1 10.93107
72 2 1 0 2 17.14030
72 2 1 0 3 12.35660
72 2 1 0 4 12.07171
72 2 1 0 5 10.79402
72 2 1 0 6 16.77788
72 2 1 0 7 11.30000
72 2 1 0 8 10.67304
73 2 1 1 0 8.88256
73 2 1 1 1 7.86626
73 2 1 1 2 14.52704
73 2 1 1 3 8.63166
73 2 1 1 4 8.67159
73 2 1 1 5 7.72159
73 2 1 1 6 13.88720
73 2 1 1 7 8.08135
73 2 1 1 8 8.03381
74 2 1 2 0 7.54920
74 2 1 2 1 6.73308
74 2 1 2 2 11.93126
74 2 1 2 3 6.94736
74 2 1 2 4 6.92753
74 2 1 2 5 6.76970
74 2 1 2 6 11.50824
74 2 1 2 7 6.73187
74 2 1 2 8 6.75498
75 2 1 3 0 7.42990
75 2 1 3 1 6.72901
75 2 1 3 2 10.90902
75 2 1 3 3 6.91499
75 2 1 3 4 6.64138
75 2 1 3 5 6.90141
75 2 1 3 6 10.53144
75 2 1 3 7 6.73897
75 2 1 3 8 6.65935
76 2 1 4 0 13.04807
76 2 1 4 1 10.97672
76 2 1 4 2 21.90412
76 2 1 4 3 11.76554
76 2 1 4 4 12.60909
76 2 1 4 5 10.96847
76 2 1 4 6 20.54549
76 2 1 4 7 11.06464
76 2 1 4 8 12.11475
77 2 1 5 0 10.33975
77 2 1 5 1 8.12869
77 2 1 5 2 18.89165
77 2 1 5 3 8.34783
77 2 1 5 4 9.90308
77 2 1 5 5 8.31706
77 2 1 5 6 17.85922
77 2 1 5 7 7.85916
77 2 1 5 8 9.61505
78 2 1 6 0 8.34633
78 2 1 6 1 6.47634
78 2 1 6 2 15.20207
78 2 1 6 3 6.06107
78 2 1 6 4 7.93860
78 2 1 6 5 6.46291
78 2 1 6 6 14.70309
78 2 1 6 7 5.86327
78 2 1 6 8 7.59726
79 2 1 7 0 8.04135
79 2 1 7 1 6.43393
79 2 1 7 2 12.97795
79 2 1 7 3 5.86273
79 2 1 7 4 7.38154
79 2 1 7 5 6.56014
79 2 1 7 6 12.79360
79 2 1 7 7 5.73867
79 2 1 7 8 7.26894
80 2 2 8 0 13.26805
80 2 2 8 1 12.48373
80 2 2 8 2 17.95985
80 2 2 8 3 13.47811
80 2 2 8 4 12.87571
80 2 2 8 5 12.80527
80 2 2 8 6 18.23766
80 2 2 8 7 12.86640
80 2 2 8 8 11.88553
81 2 2 9 0 9.82027
81 2 2 9 1 8.84520
81 2 2 9 2 14.93861
81 2 2 9 3 9.43775
81 2 2 9 4 9.25366
81 2 2 9 5 8.89495
81 2 2 9 6 14.68995
81 2 2 9 7 8.96770
81 2 2 9 8 8.84272
82 2 2 10 0 8.09149
82 2 2 10 1 7.11099
82 2 2 10 2 12.41199
82 2 2 10 3 7.15891
82 2 2 10 4 7.10644
82 2 2 10 5 6.83158
82 2 2 10 6 11.92415
82 2 2 10 7 7.08407
82 2 2 10 8 7.37797
83 2 2 11 0 7.90739
83 2 2 11 1 7.15394
83 2 2 11 2 11.10435
83 2 2 11 3 6.81666
83 2 2 11 4 6.97159
83 2 2 11 5 6.85817
83 2 2 11 6 11.01900
83 2 2 11 7 7.28285
83 2 2 11 8 7.40963
84 2 2 12 0 15.63330
84 2 2 12 1 13.52929
84 2 2 12 2 22.37595
84 2 2 12 3 14.86676
84 2 2 12 4 14.88290
84 2 2 12 5 13.84024
84 2 2 12 6 21.50027
84 2 2 12 7 14.05222
84 2 2 12 8 14.35736
85 2 2 13 0 11.71377
85 2 2 13 1 9.76480
85 2 2 13 2 18.70661
85 2 2 13 3 10.18237
85 2 2 13 4 10.86451
85 2 2 13 5 9.91117
85 2 2 13 6 17.97323
85 2 2 13 7 9.63037
85 2 2 13 8 10.61325
86 2 2 14 0 8.58967
86 2 2 14 1 7.33929
86 2 2 14 2 14.74320
86 2 2 14 3 6.42627
86 2 2 14 4 7.77790
86 2 2 14 5 7.28894
86 2 2 14 6 14.49287
86 2 2 14 7 6.62751
86 2 2 14 8 7.82217
87 2 2 15 0 7.89873
87 2 2 15 1 7.59373
87 2 2 15 2 12.87348
87 2 2 15 3 6.13065
87 2 2 15 4 7.37361
87 2 2 15 5 7.20770
87 2 2 15 6 12.94109
87 2 2 15 7 6.48444
87 2 2 15 8 7.70993
88 2 2 16 0 12.35452
88 2 2 16 1 11.81568
88 2 2 16 2 17.96607
88 2 2 16 3 12.70418
88 2 2 16 4 12.66680
88 2 2 16 5 12.06659
88 2 2 16 6 17.78085
88 2 2 16 7 12.40878
88 2 2 16 8 11.57193
89 2 2 17 0 9.27933
89 2 2 17 1 8.30216
89 2 2 17 2 15.07365
89 2 2 17 3 8.77623
89 2 2 17 4 8.82651
89 2 2 17 5 8.28677
89 2 2 17 6 14.59399
89 2 2 17 7 8.26704
89 2 2 17 8 8.03199
90 2 2 0 0 7.90909
90 2 2 0 1 6.94103
90 2 2 0 2 12.49676
90 2 2 0 3 7.12111
90 2 2 0 4 7.24578
90 2 2 0 5 6.76719
90 2 2 0 6 12.14866
90 2 2 0 7 6.66230
90 2 2 0 8 6.64401
91 2 2 1 0 7.83491
91 2 2 1 1 7.11085
91 2 2 1 2 11.30527
91 2 2 1 3 7.06512
91 2 2 1 4 6.74111
91 2 2 1 5 6.72331
91 2 2 1 6 11.18235
91 2 2 1 7 6.81207
91 2 2 1 8 6.85462
92 2 2 2 0 13.98911
92 2 2 2 1 11.96196
92 2 2 2 2 22.12195
92 2 2 2 3 12.96636
92 2 2 2 4 13.87469
92 2 2 2 5 11.96668
92 2 2 2 6 20.81569
92 2 2 2 7 12.08983
92 2 2 2 8 12.82301
93 2 2 3 0 10.86913
93 2 2 3 1 8.98396
93 2 2 3 2 18.83167
93 2 2 3 3 9.01169
93 2 2 3 4 10.39847
93 2 2 3 5 9.01806
93 2 2 3 6 17.98413
93 2 2 3 7 8.53999
93 2 2 3 8 9.64674
94 2 2 4 0 8.32483
94 2 2 4 1 7.20095
94 2 2 4 2 15.10837
94 2 2 4 3 6.36061
94 2 2 4 4 7.82509
94 2 2 4 5 7.17139
94 2 2 4 6 14.68102
94 2 2 4 7 6.18162
94 2 2 4 8 7.33161
95 2 2 5 0 7.59489
95 2 2 5 1 7.30065
95 2 2 5 2 12.86259
95 2 2 5 3 5.99817
95 2 2 5 4 6.99326
95 2 2 5 5 7.27642
95 2 2 5 6 12.93145
95 2 2 5 7 6.04980
95 2 2 5 8 6.92038
96 3 0 6 0 13.14063
96 3 0 6 1 11.15359
96 3 0 6 2 16.87648
96 3 0 6 3 11.56851
96 3 0 6 4 11.51581
96 3 0 6 5 11.18476
96 3 0 6 6 17.17411
96 3 0 6 7 12.95156
96 3 0 6 8 12.77608
97 3 0 7 0 9.19713
97 3 0 7 1 8.05594
97 3 0 7 2 13.37407
97 3 0 7 3 7.71040
97 3 0 7 4 7.72924
97 3 0 7 5 7.35781
97 3 0 7 6 14.39948
97 3 0 7 7 9.00143
97 3 0 7 8 8.76052
98 3 0 8 0 7.46222
98 3 0 8 1 6.83082
98 3 0 8 2 11.17627
98 3 0 8 3 6.49263
98 3 0 8 4 6.44733
98 3 0 8 5 6.36650
98 3 0 8 6 11.91450
98 3 0 8 7 7.29542
98 3 0 8 8 6.82258
99 3 0 9 0 7.16022
99 3 0 9 1 6.90154
99 3 0 9 2 10.32354
99 3 0 9 3 6.87122
99 3 0 9 4 6.71815
99 3 0 9 5 6.72631
99 3 0 9 6 10.81958
99 3 0 9 7 7.37629
99 3 0 9 8 6.70372
100 3 0 10 0 15.90845
100 3 0 10 1 13.87722
100 3 0 10 2 21.05790
100 3 0 10 3 13.75570
100 3 0 10 4 14.16913
100 3 0 10 5 13.32211
100 3 0 10 6 22.89173
100 3 0 10 7 14.98096
100 3 0 10 8 15.58883
101 3 0 11 0 11.91092
101 3 0 11 1 10.16573
101 3 0 11 2 17.77634
101 3 0 11 3 9.54342
101 3 0 11 4 10.17245
101 3 0 11 5 9.47611
101 3 0 11 6 18.89834
101 3 0 11 7 10.42852
101 3 0 11 8 11.32126
102 3 0 12 0 8.54850
102 3 0 12 1 7.47527
102 3 0 12 2 14.24000
102 3 0 12 3 6.21798
102 3 0 12 4 7.05655
102 3 0 12 5 6.80986
102 3 0 12 6 14.80191
102 3 0 12 7 6.97038
102 3 0 12 8 7.69440
103 3 0 13 0 7.83935
103 3 0 13 1 7.46271
103 3 0 13 2 12.76256
103 3 0 13 3 6.13734
103 3 0 13 4 7.05255
103 3 0 13 5 7.14950
103 3 0 13 6 12.90989
103 3 0 13 7 6.85201
103 3 0 13 8 7.15289
104 3 0 14 0 11.38491
104 3 0 14 1 9.27771
104 3 0 14 2 15.57297
104 3 0 14 3 10.07058
104 3 0 14 4 9.47885
104 3 0 14 5 9.20620
104 3 0 14 6 15.60993
104 3 0 14 7 10.93997
104 3 0 14 8 10.65272
105 3 0 15 0 8.24684
105 3 0 15 1 6.82055
105 3 0 15 2 13.02001
105 3 0 15 3 7.17909
105 3 0 15 4 6.74721
105 3 0 15 5 6.36509
105 3 0 15 6 13.57770
105 3 0 15 7 8.03016
105 3 0 15 8 7.46046
106 3 0 16 0 7.41234
106 3 0 16 1 6.66075
106 3 0 16 2 11.34264
106 3 0 16 3 6.58373
106 3 0 16 4 6.44099
106 3 0 16 5 6.31913
106 3 0 16 6 11.91297
106 3 0 16 7 7.11794
106 3 0 16 8 6.63500
107 3 0 17 0 7.05356
107 3 0 17 1 6.88928
107 3 0 17 2 10.46653
107 3 0 17 3 6.79103
107 3 0 17 4 6.56835
107 3 0 17 5 6.56368
107 3 0 17 6 11.07808
107 3 0 17 7 7.09621
107 3 0 17 8 6.57960
108 3 0 0 0 15.60126
108 3 0 0 1 13.78403
108 3 0 0 2 21.31279
108 3 0 0 3 14.08332
108 3 0 0 4 14.07834
108 3 0 0 5 13.15686
108 3 0 0 6 23.09934
108 3 0 0 7 15.38716
108 3 0 0 8 15.56161
109 3 0 1 0 11.92072
109 3 0 1 1 9.95241
109 3 0 1 2 18.10932
109 3 0 1 3 9.62275
109 3 0 1 4 10.01159
109 3 0 1 5 9.25942
109 3 0 1 6 19.39457
109 3 0 1 7 10.78312
109 3 0 1 8 11.17375
110 3 0 2 0 8.83973
110 3 0 2 1 7.16406
110 3 0 2 2 14.73942
110 3 0 2 3 6.28062
110 3 0 2 4 7.17425
110 3 0 2 5 6.51934
110 3 0 2 6 15.39611
110 3 0 2 7 6.99570
110 3 0 2 8 7.72444
111 3 0 3 0 7.82798
111 3 0 3 1 7.01163
111 3 0 3 2 13.30882
111 3 0 3 3 5.91712
111 3 0 3 4 6.91534
111 3 0 3 5 6.72205
111 3 0 3 6 13.64074
111 3 0 3 7 6.48097
111 3 0 3 8 7.15082
112 3 1 4 0 12.67058
112 3 1 4 1 10.48949
112 3 1 4 2 16.28820
112 3 1 4 3 10.98127
112 3 1 4 4 10.52725
112 3 1 4 5 10.36025
112 3 1 4 6 16.16772
112 3 1 4 7 11.88780
112 3 1 4 8 11.49788
113 3 1 5 0 9.22754
113 3 1 5 1 7.67668
113 3 1 5 2 13.48905
113 3 1 5 3 7.83309
113 3 1 5 4 7.52875
113 3 1 5 5 7.27581
113 3 1 5 6 13.96948
113 3 1 5 7 8.70726
113 3 1 5 8 8.36880
114 3 1 6 0 7.78261
114 3 1 6 1 6.84873
114 3 1 6 2 11.43630
114 3 1 6 3 6.76929
114 3 1 6 4 6.77703
114 3 1 6 5 6.65022
114 3 1 6 6 12.03879
114 3 1 6 7 7.46829
114 3 1 6 8 7.21593
115 3 1 7 0 7.48492
115 3 1 7 1 7.07959
115 3 1 7 2 10.50739
115 3 1 7 3 6.81983
115 3 1 7 4 6.89537
115 3 1 7 5 6.87076
115 3 1 7 6 11.19016
115 3 1 7 7 7.42348
115 3 1 7 8 7.19161
116 3 1 8 0 13.43289
116 3 1 8 1 11.17441
116 3 1 8 2 18.98010
116 3 1 8 3 11.58082
116 3 1 8 4 11.40039
116 3 1 8 5 10.43994
116 3 1 8 6 19.92327
116 3 1 8 7 12.43979
116 3 1 8 8 12.23354
117 3 1 9 0 10.62789
117 3 1 9 1 8.57589
117 3 1 9 2 16.57341
117 3 1 9 3 8.28187
117 3 1 9 4 8.80638
117 3 1 9 5 7.91798
117 3 1 9 6 17.23753
117 3 1 9 7 9.08237
117 3 1 9 8 9.57856
118 3 1 10 0 8.73992
118 3 1 10 1 7.14582
118 3 1 10 2 13.91846
118 3 1 10 3 6.18151
118 3 1 10 4 7.19951
118 3 1 10 5 6.65950
118 3 1 10 6 14.40935
118 3 1 10 7 7.05495
118 3 1 10 8 7.74795
119 3 1 11 0 8.05348
119 3 1 11 1 7.13402
119 3 1 11 2 12.48729
119 3 1 11 3 5.87030
119 3 1 11 4 7.00614
119 3 1 11 5 6.86326
119 3 1 11 6 12.82904
119 3 1 11 7 6.62855
119 3 1 11 8 7.39711
120 3 1 12 0 11.41430
120 3 1 12 1 16.41811
120 3 1 12 2 10.47093
120 3 1 12 3 9.93244
120 3 1 12 4 9.69250
120 3 1 12 5 16.12209
120 3 1 12 6 10.42216
120 3 1 12 7 10.39783
120 3 1 12 8 9.58745
121 3 1 13 0 7.82963
121 3 1 13 1 13.47917
121 3 1 13 2 7.41804
121 3 1 13 3 7.25317
121 3 1 13 4 6.69824
121 3 1 13 5 13.51354
121 3 1 13 6 7.71499
121 3 1 13 7 7.63650
121 3 1 13 8 6.78338
122 3 1 14 0 6.86463
122 3 1 14 1 11.04407
122 3 1 14 2 6.36061
122 3 1 14 3 6.46956
122 3 1 14 4 6.12694
122 3 1 14 5 11.39185
122 3 1 14 6 6.81331
122 3 1 14 7 6.75262
122 3 1 14 8 6.17756
123 3 1 15 0 6.99094
123 3 1 15 1 9.87440
123 3 1 15 2 6.37629
123 3 1 15 3 6.46048
123 3 1 15 4 6.32643
123 3 1 15 5 10.57124
123 3 1 15 6 6.94681
123 3 1 15 7 6.71573
123 3 1 15 8 6.42174
124 3 1 16 0 11.51187
124 3 1 16 1 21.11524
124 3 1 16 2 11.53048
124 3 1 16 3 11.66112
124 3 1 16 4 10.14283
124 3 1 16 5 21.04301
124 3 1 16 6 11.13175
124 3 1 16 7 11.91016
124 3 1 16 8 9.74465
125 3 1 17 0 9.10840
125 3 1 17 1 18.34518
125 3 1 17 2 8.14683
125 3 1 17 3 8.98644
125 3 1 17 4 7.84560
125 3 1 17 5 18.33117
125 3 1 17 6 8.34776
125 3 1 17 7 9.54098
125 3 1 17 8 7.77785
126 3 1 0 0 7.80960
126 3 1 0 1 14.98378
126 3 1 0 2 5.93931
126 3 1 0 3 7.09794
126 3 1 0 4 6.57020
126 3 1 0 5 15.43650
126 3 1 0 6 6.37956
126 3 1 0 7 7.56834
126 3 1 0 8 6.93651
127 3 1 1 0 7.88587
127 3 1 1 1 13.02550
127 3 1 1 2 5.54758
127 3 1 1 3 6.54775
127 3 1 1 4 6.74499
127 3 1 1 5 13.52175
127 3 1 1 6 6.02234
127 3 1 1 7 6.88624
127 3 1 1 8 7.07005
128 3 2 2 0 12.32890
128 3 2 2 1 10.33362
128 3 2 2 2 16.92739
128 3 2 2 3 10.86527
128 3 2 2 4 10.28193
128 3 2 2 5 10.06702
128 3 2 2 6 16.61451
128 3 2 2 7 10.89151
128 3 2 2 8 10.90773
129 3 2 3 0 8.74967
129 3 2 3 1 7.19846
129 3 2 3 2 13.94866
129 3 2 3 3 7.50874
129 3 2 3 4 7.30328
129 3 2 3 5 6.93652
129 3 2 3 6 14.02736
129 3 2 3 7 7.79212
129 3 2 3 8 7.81306
130 3 2 4 0 7.44539
130 3 2 4 1 6.57863
130 3 2 4 2 11.78151
130 3 2 4 3 6.65629
130 3 2 4 4 6.58992
130 3 2 4 5 6.57956
130 3 2 4 6 12.11288
130 3 2 4 7 7.09497
130 3 2 4 8 6.73321
131 3 2 5 0 7.12952
131 3 2 5 1 6.77146
131 3 2 5 2 10.39978
131 3 2 5 3 6.85032
131 3 2 5 4 6.70718
131 3 2 5 5 6.88858
131 3 2 5 6 11.08086
131 3 2 5 7 7.18447
131 3 2 5 8 6.52426
132 3 2 6 0 12.16995
132 3 2 6 1 9.51163
132 3 2 6 2 19.84913
132 3 2 6 3 10.06762
132 3 2 6 4 10.43608
132 3 2 6 5 8.94607
132 3 2 6 6 20.02793
132 3 2 6 7 9.91262
132 3 2 6 8 10.88068
133 3 2 7 0 10.24837
133 3 2 7 1 7.91436
133 3 2 7 2 17.57101
133 3 2 7 3 7.58177
133 3 2 7 4 8.48281
133 3 2 7 5 7.41125
133 3 2 7 6 17.86765
133 3 2 7 7 7.67585
133 3 2 7 8 8.96461
134 3 2 8 0 8.59617
134 3 2 8 1 7.08636
134 3 2 8 2 14.77600
134 3 2 8 3 6.12345
134 3 2 8 4 7.11785
134 3 2 8 5 6.68575
134 3 2 8 6 15.06032
134 3 2 8 7 6.29949
134 3 2 8 8 7.37418
135 3 2 9 0 7.94188
135 3 2 9 1 7.22896
135 3 2 9 2 12.76888
135 3 2 9 3 5.95816
135 3 2 9 4 6.69540
135 3 2 9 5 6.76923
135 3 2 9 6 13.18954
135 3 2 9 7 6.27714
135 3 2 9 8 7.01801
136 3 2 10 0 12.57840
136 3 2 10 1 10.68231
136 3 2 10 2 17.44183
136 3 2 10 3 11.30904
136 3 2 10 4 10.64281
136 3 2 10 5 10.53276
136 3 2 10 6 16.75422
136 3 2 10 7 11.39373
136 3 2 10 8 11.22122
137 3 2 11 0 8.89505
137 3 2 11 1 7.38809
137 3 2 11 2 14.17741
137 3 2 11 3 7.50333
137 3 2 11 4 7.38913
137 3 2 11 5 7.00301
137 3 2 11 6 14.14908
137 3 2 11 7 8.24949
137 3 2 11 8 7.72999
138 3 2 12 0 7.64753
138 3 2 12 1 6.72053
138 3 2 12 2 11.85436
138 3 2 12 3 6.65561
138 3 2 12 4 6.57986
138 3 2 12 5 6.38198
138 3 2 12 6 12.33446
138 3 2 12 7 7.29880
138 3 2 12 8 6.64430
139 3 2 13 0 7.41504
139 3 2 13 1 6.84192
139 3 2 13 2 10.67488
139 3 2 13 3 6.82371
139 3 2 13 4 6.64227
139 3 2 13 5 6.73314
139 3 2 13 6 11.40486
139 3 2 13 7 7.23504
139 3 2 13 8 6.58904
140 3 2 14 0 11.99407
140 3 2 14 1 9.60596
140 3 2 14 2 19.53470
140 3 2 14 3 9.88415
140 3 2 14 4 10.79388
140 3 2 14 5 9.10393
140 3 2 14 6 19.63281
140 3 2 14 7 10.64184
140 3 2 14 8 11.29640
141 3 2 15 0 9.97051
141 3 2 15 1 7.81423
141 3 2 15 2 17.37413
141 3 2 15 3 7.19078
141 3 2 15 4 8.58292
141 3 2 15 5 7.27411
141 3 2 15 6 17.50278
141 3 2 15 7 8.00482
141 3 2 15 8 8.94807
142 3 2 16 0 8.29601
142 3 2 16 1 6.86040
142 3 2 16 2 14.53138
142 3 2 16 3 5.51605
142 3 2 16 4 7.01660
142 3 2 16 5 6.44310
142 3 2 16 6 14.78133
142 3 2 16 7 6.24300
142 3 2 16 8 7.27434
143 3 2 17 0 7.69806
143 3 2 17 1 6.96004
143 3 2 17 2 12.68922
143 3 2 17 3 5.34804
143 3 2 17 4 6.45770
143 3 2 17 5 6.53665
143 3 2 17 6 13.09210
143 3 2 17 7 5.82229
143 3 2 17 8 6.65998
144 4 0 0 0 12.74355
144 4 0 0 1 11.25004
144 4 0 0 2 17.40788
144 4 0 0 3 11.28793
144 4 0 0 4 11.37992
144 4 0 0 5 10.94997
144 4 0 0 6 17.73037
144 4 0 0 7 12.00062
144 4 0 0 8 11.96427
145 4 0 1 0 9.28045
145 4 0 1 1 8.17970
145 4 0 1 2 14.04426
145 4 0 1 3 7.78442
145 4 0 1 4 8.06933
145 4 0 1 5 7.51160
145 4 0 1 6 14.83171
145 4 0 1 7 8.49179
145 4 0 1 8 8.67252
146 4 0 2 0 7.72369
146 4 0 2 1 7.18598
146 4 0 2 2 11.79417
146 4 0 2 3 6.88454
146 4 0 2 4 6.80248
146 4 0 2 5 6.61278
146 4 0 2 6 12.53733
146 4 0 2 7 7.32017
146 4 0 2 8 7.04180
147 4 0 3 0 7.31943
147 4 0 3 1 7.15629
147 4 0 3 2 10.68802
147 4 0 3 3 7.05106
147 4 0 3 4 6.82353
147 4 0 3 5 6.91611
147 4 0 3 6 11.25719
147 4 0 3 7 7.40699
147 4 0 3 8 6.83256
148 4 0 4 0 14.79518
148 4 0 4 1 12.65872
148 4 0 4 2 20.89694
148 4 0 4 3 12.43063
148 4 0 4 4 13.48391
148 4 0 4 5 11.54614
148 4 0 4 6 22.42173
148 4 0 4 7 13.05137
148 4 0 4 8 13.95354
149 4 0 5 0 11.44284
149 4 0 5 1 9.66661
149 4 0 5 2 18.07569
149 4 0 5 3 8.73762
149 4 0 5 4 10.18041
149 4 0 5 5 8.59505
149 4 0 5 6 19.17787
149 4 0 5 7 9.07468
149 4 0 5 8 10.61368
150 4 0 6 0 8.37605
150 4 0 6 1 7.49173
150 4 0 6 2 15.02652
150 4 0 6 3 5.98690
150 4 0 6 4 7.53205
150 4 0 6 5 6.80452
150 4 0 6 6 15.55799
150 4 0 6 7 6.43520
150 4 0 6 8 7.72772
151 4 0 7 0 7.54226
151 4 0 7 1 7.48662
151 4 0 7 2 13.25224
151 4 0 7 3 5.68641
151 4 0 7 4 7.06703
151 4 0 7 5 7.21096
151 4 0 7 6 13.44769
151 4 0 7 7 6.21002
151 4 0 7 8 7.04329
152 4 0 8 0 13.13021
152 4 0 8 1 11.34109
152 4 0 8 2 18.55940
152 4 0 8 3 11.64165
152 4 0 8 4 11.46839
152 4 0 8 5 11.27727
152 4 0 8 6 18.79699
152 4 0 8 7 12.02697
152 4 0 8 8 14.89143
153 4 0 9 0 9.91508
153 4 0 9 1 8.76655
153 4 0 9 2 15.41061
153 4 0 9 3 8.27398
153 4 0 9 4 8.66514
153 4 0 9 5 7.81526
153 4 0 9 6 16.02523
153 4 0 9 7 8.87123
153 4 0 9 8 12.30451
154 4 0 10 0 8.35811
154 4 0 10 1 7.95291
154 4 0 10 2 12.83247
154 4 0 10 3 7.29099
154 4 0 10 4 7.58060
154 4 0 10 5 6.88325
154 4 0 10 6 13.40760
154 4 0 10 7 7.60899
154 4 0 10 8 10.85071
155 4 0 11 0 8.03522
155 4 0 11 1 8.02195
155 4 0 11 2 11.61076
155 4 0 11 3 7.67868
155 4 0 11 4 7.58060
155 4 0 11 5 7.27051
155 4 0 11 6 12.18512
155 4 0 11 7 7.74296
155 4 0 11 8 10.80591
156 4 0 12 0 14.66734
156 4 0 12 1 12.17256
156 4 0 12 2 22.23576
156 4 0 12 3 12.01845
156 4 0 12 4 13.12078
156 4 0 12 5 11.94508
156 4 0 12 6 23.13797
156 4 0 12 7 12.82084
156 4 0 12 8 14.04882
157 4 0 13 0 11.15860
157 4 0 13 1 9.34721
157 4 0 13 2 19.20929
157 4 0 13 3 8.40729
157 4 0 13 4 10.08468
157 4 0 13 5 8.95776
157 4 0 13 6 19.95995
157 4 0 13 7 8.85894
157 4 0 13 8 10.59448
158 4 0 14 0 8.38582
158 4 0 14 1 7.61647
158 4 0 14 2 15.42788
158 4 0 14 3 5.95990
158 4 0 14 4 7.73740
158 4 0 14 5 6.96609
158 4 0 14 6 16.02676
158 4 0 14 7 6.41596
158 4 0 14 8 7.94238
159 4 0 15 0 7.79110
159 4 0 15 1 7.71983
159 4 0 15 2 13.44667
159 4 0 15 3 6.33822
159 4 0 15 4 7.23430
159 4 0 15 5 7.22577
159 4 0 15 6 13.65095
159 4 0 15 7 6.25396
159 4 0 15 8 7.22669
160 4 1 16 0 11.42141
160 4 1 16 1 9.96811
160 4 1 16 2 16.79051
160 4 1 16 3 9.96713
160 4 1 16 4 10.26154
160 4 1 16 5 10.05183
160 4 1 16 6 16.71527
160 4 1 16 7 10.39263
160 4 1 16 8 10.47246
161 4 1 17 0 8.75831
161 4 1 17 1 7.68182
161 4 1 17 2 14.06748
161 4 1 17 3 7.32961
161 4 1 17 4 7.71983
161 4 1 17 5 7.06524
161 4 1 17 6 14.44884
161 4 1 17 7 7.70076
161 4 1 17 8 8.22478
162 4 1 0 0 7.56704
162 4 1 0 1 6.92474
162 4 1 0 2 11.75852
162 4 1 0 3 6.53488
162 4 1 0 4 6.75951
162 4 1 0 5 6.44709
162 4 1 0 6 12.43892
162 4 1 0 7 7.00489
162 4 1 0 8 7.12813
163 4 1 1 0 7.28682
163 4 1 1 1 6.94179
163 4 1 1 2 10.60219
163 4 1 1 3 6.72970
163 4 1 1 4 6.68939
163 4 1 1 5 6.63379
163 4 1 1 6 11.24024
163 4 1 1 7 7.12604
163 4 1 1 8 6.84843
164 4 1 2 0 12.89574
164 4 1 2 1 10.67770
164 4 1 2 2 19.29080
164 4 1 2 3 10.77379
164 4 1 2 4 11.62112
164 4 1 2 5 9.86287
164 4 1 2 6 20.11706
164 4 1 2 7 10.95810
164 4 1 2 8 11.90728
165 4 1 3 0 10.44090
165 4 1 3 1 8.48026
165 4 1 3 2 17.29067
165 4 1 3 3 7.87065
165 4 1 3 4 9.14622
165 4 1 3 5 7.78947
165 4 1 3 6 17.80126
165 4 1 3 7 8.09710
165 4 1 3 8 9.68101
166 4 1 4 0 8.35983
166 4 1 4 1 7.17822
166 4 1 4 2 14.40956
166 4 1 4 3 5.68664
166 4 1 4 4 7.30020
166 4 1 4 5 6.66996
166 4 1 4 6 14.90823
166 4 1 4 7 6.04015
166 4 1 4 8 7.77190
167 4 1 5 0 7.62972
167 4 1 5 1 7.16735
167 4 1 5 2 12.82072
167 4 1 5 3 5.44008
167 4 1 5 4 6.99338
167 4 1 5 5 6.91694
167 4 1 5 6 13.11465
167 4 1 5 7 5.83898
167 4 1 5 8 7.24215
168 4 1 6 0 11.61989
168 4 1 6 1 10.33641
168 4 1 6 2 17.15852
168 4 1 6 3 10.57658
168 4 1 6 4 10.39327
168 4 1 6 5 9.87185
168 4 1 6 6 16.85507
168 4 1 6 7 10.84044
168 4 1 6 8 10.81288
169 4 1 7 0 8.99888
169 4 1 7 1 7.83347
169 4 1 7 2 14.35366
169 4 1 7 3 7.71960
169 4 1 7 4 8.05321
169 4 1 7 5 7.37069
169 4 1 7 6 14.64937
169 4 1 7 7 8.11586
169 4 1 7 8 8.29101
170 4 1 8 0 7.69814
170 4 1 8 1 7.03522
170 4 1 8 2 12.00191
170 4 1 8 3 6.66148
170 4 1 8 4 6.91062
170 4 1 8 5 6.66506
170 4 1 8 6 12.48964
170 4 1 8 7 7.15255
170 4 1 8 8 7.29086
171 4 1 9 0 7.29848
171 4 1 9 1 6.99689
171 4 1 9 2 10.78081
171 4 1 9 3 6.78749
171 4 1 9 4 6.80329
171 4 1 9 5 6.64491
171 4 1 9 6 11.26321
171 4 1 9 7 7.04655
171 4 1 9 8 6.96418
172 4 1 10 0 12.71624
172 4 1 10 1 10.47115
172 4 1 10 2 20.01132
172 4 1 10 3 10.55163
172 4 1 10 4 11.52699
172 4 1 10 5 9.35616
172 4 1 10 6 20.71959
172 4 1 10 7 10.69533
172 4 1 10 8 11.88642
173 4 1 11 0 10.36631
173 4 1 11 1 8.34715
173 4 1 11 2 17.64582
173 4 1 11 3 7.63565
173 4 1 11 4 9.08652
173 4 1 11 5 7.47026
173 4 1 11 6 18.31254
173 4 1 11 7 8.09213
173 4 1 11 8 9.70361
174 4 1 12 0 8.43697
174 4 1 12 1 7.15688
174 4 1 12 2 14.79439
174 4 1 12 3 5.93289
174 4 1 12 4 7.42441
174 4 1 12 5 6.55130
174 4 1 12 6 15.34871
174 4 1 12 7 6.25914
174 4 1 12 8 7.87053
175 4 1 13 0 7.69162
175 4 1 13 1 7.31509
175 4 1 13 2 12.92238
175 4 1 13 3 5.65975
175 4 1 13 4 6.87412
175 4 1 13 5 6.73678
175 4 1 13 6 13.36883
175 4 1 13 7 6.05716
175 4 1 13 8 7.24604
176 4 2 14 0 11.64735
176 4 2 14 1 10.11914
176 4 2 14 2 17.04163
176 4 2 14 3 10.42960
176 4 2 14 4 10.26105
176 4 2 14 5 9.75586
176 4 2 14 6 17.11909
176 4 2 14 7 11.02912
176 4 2 14 8 10.92568
177 4 2 15 0 8.76017
177 4 2 15 1 7.61929
177 4 2 15 2 14.06694
177 4 2 15 3 7.36688
177 4 2 15 4 7.70396
177 4 2 15 5 7.04822
177 4 2 15 6 14.77596
177 4 2 15 7 8.07256
177 4 2 15 8 8.27900
178 4 2 16 0 7.56521
178 4 2 16 1 6.86232
178 4 2 16 2 12.12078
178 4 2 16 3 6.64013
178 4 2 16 4 6.75218
178 4 2 16 5 6.51820
178 4 2 16 6 12.63223
178 4 2 16 7 6.95706
178 4 2 16 8 7.08044
179 4 2 17 0 7.28066
179 4 2 17 1 6.80107
179 4 2 17 2 11.03306
179 4 2 17 3 6.74477
179 4 2 17 4 6.73559
179 4 2 17 5 6.69443
179 4 2 17 6 11.46377
179 4 2 17 7 7.02498
179 4 2 17 8 6.86197
180 4 2 0 0 13.03890
180 4 2 0 1 10.92339
180 4 2 0 2 20.57879
180 4 2 0 3 11.37929
180 4 2 0 4 12.03650
180 4 2 0 5 10.46959
180 4 2 0 6 22.03644
180 4 2 0 7 12.09150
180 4 2 0 8 12.93863
181 4 2 1 0 10.36891
181 4 2 1 1 8.50589
181 4 2 1 2 18.05820
181 4 2 1 3 7.99407
181 4 2 1 4 9.24890
181 4 2 1 5 7.93448
181 4 2 1 6 19.14211
181 4 2 1 7 8.30005
181 4 2 1 8 9.88277
182 4 2 2 0 8.18305
182 4 2 2 1 7.11691
182 4 2 2 2 15.32963
182 4 2 2 3 6.00049
182 4 2 2 4 7.21320
182 4 2 2 5 6.76363
182 4 2 2 6 15.61115
182 4 2 2 7 6.13021
182 4 2 2 8 7.67201
183 4 2 3 0 7.49268
183 4 2 3 1 7.28125
183 4 2 3 2 13.58129
183 4 2 3 3 5.86127
183 4 2 3 4 7.03036
183 4 2 3 5 7.08549
183 4 2 3 6 13.47689
183 4 2 3 7 5.96242
183 4 2 3 8 7.16977
184 4 2 4 0 12.90217
184 4 2 4 1 11.27010
184 4 2 4 2 18.40879
184 4 2 4 3 11.59187
184 4 2 4 4 11.52581
184 4 2 4 5 10.47395
184 4 2 4 6 18.33957
184 4 2 4 7 12.31967
184 4 2 4 8 12.06925
185 4 2 5 0 9.66248
185 4 2 5 1 8.10742
185 4 2 5 2 14.90479
185 4 2 5 3 7.72231
185 4 2 5 4 8.06942
185 4 2 5 5 7.33198
185 4 2 5 6 15.30414
185 4 2 5 7 8.62981
185 4 2 5 8 8.94534
186 4 2 6 0 8.16858
186 4 2 6 1 7.15780
186 4 2 6 2 12.44295
186 4 2 6 3 6.85630
186 4 2 6 4 7.06896
186 4 2 6 5 6.74428
186 4 2 6 6 13.06541
186 4 2 6 7 7.62907
186 4 2 6 8 7.54544
187 4 2 7 0 7.72381
187 4 2 7 1 7.25662
187 4 2 7 2 11.20894
187 4 2 7 3 7.14576
187 4 2 7 4 7.12609
187 4 2 7 5 7.00746
187 4 2 7 6 11.82285
187 4 2 7 7 7.78254
187 4 2 7 8 7.30008
188 4 2 8 0 14.31324
188 4 2 8 1 12.13917
188 4 2 8 2 22.41076
188 4 2 8 3 12.28960
188 4 2 8 4 13.32927
188 4 2 8 5 11.54720
188 4 2 8 6 23.24314
188 4 2 8 7 12.80466
188 4 2 8 8 14.00409
189 4 2 9 0 11.45987
189 4 2 9 1 9.37459
189 4 2 9 2 19.65886
189 4 2 9 3 8.50647
189 4 2 9 4 10.30643
189 4 2 9 5 8.61260
189 4 2 9 6 20.27075
189 4 2 9 7 9.22925
189 4 2 9 8 10.97295
190 4 2 10 0 8.93812
190 4 2 10 1 7.81544
190 4 2 10 2 16.30424
190 4 2 10 3 5.93424
190 4 2 10 4 8.07051
190 4 2 10 5 6.91237
190 4 2 10 6 16.60651
190 4 2 10 7 6.66613
190 4 2 10 8 8.40379
191 4 2 11 0 8.27613
191 4 2 11 1 8.03420
191 4 2 11 2 14.46449
191 4 2 11 3 6.17975
191 4 2 11 4 7.77415
191 4 2 11 5 7.40891
191 4 2 11 6 14.46721
191 4 2 11 7 6.57094
191 4 2 11 8 7.74784
192 5 0 12 0 12.09145
192 5 0 12 1 11.14895
192 5 0 12 2 16.31565
192 5 0 12 3 12.11640
192 5 0 12 4 12.70307
192 5 0 12 5 11.35464
192 5 0 12 6 17.30951
192 5 0 12 7 11.96020
192 5 0 12 8 10.98079
193 5 0 13 0 9.34909
193 5 0 13 1 7.94619
193 5 0 13 2 13.96867
193 5 0 13 3 8.25503
193 5 0 13 4 8.84659
193 5 0 13 5 7.52620
193 5 0 13 6 13.92917
193 5 0 13 7 8.06491
193 5 0 13 8 7.79146
194 5 0 14 0 8.15123
194 5 0 14 1 7.06901
194 5 0 14 2 12.20576
194 5 0 14 3 7.14541
194 5 0 14 4 7.43343
194 5 0 14 5 6.50572
194 5 0 14 6 11.80550
194 5 0 14 7 6.80268
194 5 0 14 8 6.99071
195 5 0 15 0 8.11280
195 5 0 15 1 6.90130
195 5 0 15 2 11.21211
195 5 0 15 3 7.16049
195 5 0 15 4 7.16557
195 5 0 15 5 6.70774
195 5 0 15 6 10.65589
195 5 0 15 7 6.74518
195 5 0 15 8 7.08840
196 5 0 16 0 12.70796
196 5 0 16 1 10.29431
196 5 0 16 2 21.13281
196 5 0 16 3 10.53504
196 5 0 16 4 12.10287
196 5 0 16 5 9.89501
196 5 0 16 6 21.15974
196 5 0 16 7 10.85725
196 5 0 16 8 11.52059
197 5 0 17 0 10.40648
197 5 0 17 1 8.28813
197 5 0 17 2 18.82623
197 5 0 17 3 8.00491
197 5 0 17 4 9.97473
197 5 0 17 5 7.80864
197 5 0 17 6 18.48114
197 5 0 17 7 7.86083
197 5 0 17 8 9.10585
198 5 0 0 0 8.56191
198 5 0 0 1 6.97146
198 5 0 0 2 15.69058
198 5 0 0 3 6.38639
198 5 0 0 4 8.05745
198 5 0 0 5 6.73778
198 5 0 0 6 15.04660
198 5 0 0 7 5.96180
198 5 0 0 8 7.43905
199 5 0 1 0 7.85296
199 5 0 1 1 6.72909
199 5 0 1 2 13.62114
199 5 0 1 3 6.09581
199 5 0 1 4 7.39043
199 5 0 1 5 6.90448
199 5 0 1 6 13.06739
199 5 0 1 7 5.89872
199 5 0 1 8 7.03125
200 5 0 2 0 10.80908
200 5 0 2 1 16.70194
200 5 0 2 2 11.13838
200 5 0 2 3 12.03096
200 5 0 2 4 10.72445
200 5 0 2 5 17.71334
200 5 0 2 6 11.70659
200 5 0 2 7 10.77456
200 5 0 2 8 9.47665
201 5 0 3 0 8.08248
201 5 0 3 1 14.70564
201 5 0 3 2 7.98271
201 5 0 3 3 8.44031
201 5 0 3 4 7.15008
201 5 0 3 5 14.91483
201 5 0 3 6 7.89677
201 5 0 3 7 7.66962
201 5 0 3 8 7.02712
202 5 0 4 0 7.44821
202 5 0 4 1 12.84213
202 5 0 4 2 7.16205
202 5 0 4 3 7.28035
202 5 0 4 4 6.45990
202 5 0 4 5 12.71398
202 5 0 4 6 6.79473
202 5 0 4 7 6.72073
202 5 0 4 8 6.71645
203 5 0 5 0 7.56899
203 5 0 5 1 11.78380
203 5 0 5 2 7.23325
203 5 0 5 3 6.98096
203 5 0 5 4 6.73017
203 5 0 5 5 11.46581
203 5 0 5 6 6.87960
203 5 0 5 7 6.76369
203 5 0 5 8 6.86755
204 5 0 6 0 12.04744
204 5 0 6 1 21.03321
204 5 0 6 2 12.40209
204 5 0 6 3 13.42042
204 5 0 6 4 11.29042
204 5 0 6 5 21.40889
204 5 0 6 6 12.62321
204 5 0 6 7 12.89590
204 5 0 6 8 11.14107
205 5 0 7 0 9.26367
205 5 0 7 1 18.37703
205 5 0 7 2 8.62901
205 5 0 7 3 10.25587
205 5 0 7 4 8.13609
205 5 0 7 5 18.33463
205 5 0 7 6 8.41608
205 5 0 7 7 9.60334
205 5 0 7 8 8.02643
206 5 0 8 0 7.55246
206 5 0 8 1 15.41118
206 5 0 8 2 5.92071
206 5 0 8 3 7.85248
206 5 0 8 4 6.54801
206 5 0 8 5 15.32003
206 5 0 8 6 5.78216
206 5 0 8 7 7.20298
206 5 0 8 8 6.47039
207 5 0 9 0 7.37021
207 5 0 9 1 13.55227
207 5 0 9 2 5.11849
207 5 0 9 3 7.11203
207 5 0 9 4 6.94441
207 5 0 9 5 13.06198
207 5 0 9 6 5.18310
207 5 0 9 7 6.63772
207 5 0 9 8 6.84504
208 5 1 10 0 10.58052
208 5 1 10 1 17.50459
208 5 1 10 2 11.40461
208 5 1 10 3 12.05367
208 5 1 10 4 10.77996
208 5 1 10 5 18.18853
208 5 1 10 6 11.86324
208 5 1 10 7 11.12809
208 5 1 10 8 9.82426
209 5 1 11 0 7.51234
209 5 1 11 1 15.04425
209 5 1 11 2 8.02823
209 5 1 11 3 8.47773
209 5 1 11 4 7.32632
209 5 1 11 5 15.16120
209 5 1 11 6 7.90390
209 5 1 11 7 7.69037
209 5 1 11 8 7.05159
210 5 1 12 0 7.38953
210 5 1 12 1 13.04539
210 5 1 12 2 7.46366
210 5 1 12 3 7.28631
210 5 1 12 4 6.71381
210 5 1 12 5 12.94765
210 5 1 12 6 6.87732
210 5 1 12 7 6.58149
210 5 1 12 8 6.74031
211 5 1 13 0 7.54449
211 5 1 13 1 12.01803
211 5 1 13 2 7.51301
211 5 1 13 3 6.92761
211 5 1 13 4 6.96965
211 5 1 13 5 11.54414
211 5 1 13 6 6.82934
211 5 1 13 7 6.45369
211 5 1 13 8 6.92497
212 5 1 14 0 9.60313
212 5 1 14 1 20.79379
212 5 1 14 2 9.96099
212 5 1 14 3 11.68990
212 5 1 14 4 9.00779
212 5 1 14 5 20.92633
212 5 1 14 6 9.99440
212 5 1 14 7 11.26933
212 5 1 14 8 9.13990
213 5 1 15 0 8.26552
213 5 1 15 1 18.50892
213 5 1 15 2 7.59714
213 5 1 15 3 9.63418
213 5 1 15 4 7.58747
213 5 1 15 5 18.49081
213 5 1 15 6 7.40416
213 5 1 15 7 8.89975
213 5 1 15 8 7.59541
214 5 1 16 0 7.45968
214 5 1 16 1 15.67016
214 5 1 16 2 6.12021
214 5 1 16 3 7.76736
214 5 1 16 4 6.91358
214 5 1 16 5 15.34959
214 5 1 16 6 5.80783
214 5 1 16 7 6.94597
214 5 1 16 8 6.72430
215 5 1 17 0 7.56917
215 5 1 17 1 13.56446
215 5 1 17 2 5.95066
215 5 1 17 3 7.07259
215 5 1 17 4 7.20202
215 5 1 17 5 13.10178
215 5 1 17 6 5.52666
215 5 1 17 7 6.28357
215 5 1 17 8 6.79069
216 5 1 0 0 10.91878
216 5 1 0 1 10.07611
216 5 1 0 2 15.96207
216 5 1 0 3 10.85641
216 5 1 0 4 11.11623
216 5 1 0 5 10.00817
216 5 1 0 6 16.58933
216 5 1 0 7 10.89923
216 5 1 0 8 10.22497
217 5 1 1 0 8.31279
217 5 1 1 1 7.19331
217 5 1 1 2 13.74908
217 5 1 1 3 7.66587
217 5 1 1 4 7.80232
217 5 1 1 5 6.91862
217 5 1 1 6 13.71755
217 5 1 1 7 7.56541
217 5 1 1 8 7.37612
218 5 1 2 0 7.60240
218 5 1 2 1 6.78024
218 5 1 2 2 11.91320
218 5 1 2 3 7.01118
218 5 1 2 4 6.75715
218 5 1 2 5 6.51017
218 5 1 2 6 11.50561
218 5 1 2 7 6.68588
218 5 1 2 8 6.56134
219 5 1 3 0 7.42121
219 5 1 3 1 6.88088
219 5 1 3 2 10.71886
219 5 1 3 3 7.03026
219 5 1 3 4 6.59224
219 5 1 3 5 6.76138
219 5 1 3 6 10.26794
219 5 1 3 7 6.49059
219 5 1 3 8 6.38989
220 5 1 4 0 13.49579
220 5 1 4 1 10.99544
220 5 1 4 2 21.92754
220 5 1 4 3 11.66316
220 5 1 4 4 12.80500
220 5 1 4 5 11.03110
220 5 1 4 6 22.26491
220 5 1 4 7 12.03178
220 5 1 4 8 12.82917
221 5 1 5 0 10.63342
221 5 1 5 1 8.30332
221 5 1 5 2 19.32002
221 5 1 5 3 8.27303
221 5 1 5 4 9.98640
221 5 1 5 5 8.40891
221 5 1 5 6 19.33614
221 5 1 5 7 8.33841
221 5 1 5 8 9.64960
222 5 1 6 0 8.35873
222 5 1 6 1 6.84269
222 5 1 6 2 16.14947
222 5 1 6 3 6.14699
222 5 1 6 4 7.76968
222 5 1 6 5 6.84164
222 5 1 6 6 15.88119
222 5 1 6 7 5.97697
222 5 1 6 8 7.27331
223 5 1 7 0 7.69228
223 5 1 7 1 7.01802
223 5 1 7 2 14.27073
223 5 1 7 3 5.91882
223 5 1 7 4 7.24526
223 5 1 7 5 7.14378
223 5 1 7 6 13.58347
223 5 1 7 7 5.63652
223 5 1 7 8 6.67504
224 5 2 8 0 13.25838
224 5 2 8 1 12.36514
224 5 2 8 2 18.16116
224 5 2 8 3 12.93728
224 5 2 8 4 13.78370
224 5 2 8 5 12.36385
224 5 2 8 6 18.29593
224 5 2 8 7 12.32238
224 5 2 8 8 12.26805
225 5 2 9 0 9.81078
225 5 2 9 1 8.57143
225 5 2 9 2 15.18035
225 5 2 9 3 9.08992
225 5 2 9 4 9.65054
225 5 2 9 5 8.24809
225 5 2 9 6 14.69705
225 5 2 9 7 8.37623
225 5 2 9 8 8.57205
226 5 2 10 0 8.09345
226 5 2 10 1 6.85968
226 5 2 10 2 12.71869
226 5 2 10 3 7.40124
226 5 2 10 4 7.55279
226 5 2 10 5 6.78163
226 5 2 10 6 12.18217
226 5 2 10 7 6.86006
226 5 2 10 8 7.11509
227 5 2 11 0 8.21615
227 5 2 11 1 7.08024
227 5 2 11 2 11.54331
227 5 2 11 3 7.34814
227 5 2 11 4 7.21117
227 5 2 11 5 6.92158
227 5 2 11 6 11.04230
227 5 2 11 7 6.98473
227 5 2 11 8 7.06792
228 5 2 12 0 14.01150
228 5 2 12 1 11.93250
228 5 2 12 2 22.33667
228 5 2 12 3 12.45877
228 5 2 12 4 13.71102
228 5 2 12 5 11.73666
228 5 2 12 6 21.79562
228 5 2 12 7 12.05350
228 5 2 12 8 12.87969
229 5 2 13 0 11.05265
229 5 2 13 1 9.15363
229 5 2 13 2 19.46269
229 5 2 13 3 8.99445
229 5 2 13 4 10.65853
229 5 2 13 5 8.76781
229 5 2 13 6 18.91477
229 5 2 13 7 8.60289
229 5 2 13 8 9.94854
230 5 2 14 0 8.74040
230 5 2 14 1 7.39614
230 5 2 14 2 16.12725
230 5 2 14 3 6.75655
230 5 2 14 4 8.27649
230 5 2 14 5 7.12346
230 5 2 14 6 15.75854
230 5 2 14 7 6.29701
230 5 2 14 8 7.48864
231 5 2 15 0 8.06291
231 5 2 15 1 7.31546
231 5 2 15 2 14.16882
231 5 2 15 3 6.42840
231 5 2 15 4 7.61886
231 5 2 15 5 7.20337
231 5 2 15 6 13.90989
231 5 2 15 7 6.11825
231 5 2 15 8 6.99819
232 5 2 16 0 11.15503
232 5 2 16 1 16.87034
232 5 2 16 2 11.65628
232 5 2 16 3 12.32026
232 5 2 16 4 11.21946
232 5 2 16 5 16.93427
232 5 2 16 6 11.50862
232 5 2 16 7 11.12385
232 5 2 16 8 10.11770
233 5 2 17 0 7.88966
233 5 2 17 1 14.20909
233 5 2 17 2 8.06985
233 5 2 17 3 8.37295
233 5 2 17 4 7.26650
233 5 2 17 5 13.95168
233 5 2 17 6 7.68819
233 5 2 17 7 7.59054
233 5 2 17 8 7.05057
234 5 2 0 0 7.23119
234 5 2 0 1 12.18245
234 5 2 0 2 7.14111
234 5 2 0 3 6.93850
234 5 2 0 4 6.49638
234 5 2 0 5 11.91572
234 5 2 0 6 6.65535
234 5 2 0 7 6.58203
234 5 2 0 8 6.59702
235 5 2 1 0 7.41005
235 5 2 1 1 11.09798
235 5 2 1 2 7.20926
235 5 2 1 3 6.56902
235 5 2 1 4 6.60841
235 5 2 1 5 10.86845
235 5 2 1 6 6.80359
235 5 2 1 7 6.44072
235 5 2 1 8 6.80090
236 5 2 2 0 10.74277
236 5 2 2 1 20.86368
236 5 2 2 2 11.25077
236 5 2 2 3 12.77230
236 5 2 2 4 10.38388
236 5 2 2 5 19.70661
236 5 2 2 6 10.72668
236 5 2 2 7 11.62774
236 5 2 2 8 10.29180
237 5 2 3 0 8.66190
237 5 2 3 1 18.11205
237 5 2 3 2 8.18963
237 5 2 3 3 9.92293
237 5 2 3 4 8.00086
237 5 2 3 5 17.32831
237 5 2 3 6 7.68986
237 5 2 3 7 9.04615
237 5 2 3 8 7.97666
238 5 2 4 0 7.30396
238 5 2 4 1 14.85775
238 5 2 4 2 6.06053
238 5 2 4 3 7.55948
238 5 2 4 4 6.71945
238 5 2 4 5 14.46084
238 5 2 4 6 5.65929
238 5 2 4 7 7.07134
238 5 2 4 8 6.60963
239 5 2 5 0 7.51682
239 5 2 5 1 12.95663
239 5 2 5 2 5.79511
239 5 2 5 3 6.82166
239 5 2 5 4 6.87505
239 5 2 5 5 12.69099
239 5 2 5 6 5.51859
239 5 2 5 7 6.44105
239 5 2 5 8 6.82760
240 6 0 6 0 14.10028
240 6 0 6 1 12.71968
240 6 0 6 2 19.09571
240 6 0 6 3 13.09480
240 6 0 6 4 12.95687
240 6 0 6 5 12.70360
240 6 0 6 6 18.00185
240 6 0 6 7 12.90624
240 6 0 6 8 13.40779
241 6 0 7 0 9.68162
241 6 0 7 1 8.54133
241 6 0 7 2 15.05871
241 6 0 7 3 8.97945
241 6 0 7 4 8.99201
241 6 0 7 5 8.26954
241 6 0 7 6 14.78744
241 6 0 7 7 8.76136
241 6 0 7 8 9.45523
242 6 0 8 0 7.51411
242 6 0 8 1 7.04474
242 6 0 8 2 12.04777
242 6 0 8 3 7.02217
242 6 0 8 4 6.97112
242 6 0 8 5 6.57750
242 6 0 8 6 12.57298
242 6 0 8 7 7.41157
242 6 0 8 8 7.57563
243 6 0 9 0 7.34861
243 6 0 9 1 7.40168
243 6 0 9 2 10.88914
243 6 0 9 3 7.16311
243 6 0 9 4 6.85282
243 6 0 9 5 6.73095
243 6 0 9 6 11.78570
243 6 0 9 7 7.75580
243 6 0 9 8 7.47409
244 6 0 10 0 15.01191
244 6 0 10 1 13.83092
244 6 0 10 2 22.26010
244 6 0 10 3 14.55617
244 6 0 10 4 14.81358
244 6 0 10 5 13.23243
244 6 0 10 6 21.41413
244 6 0 10 7 13.72693
244 6 0 10 8 14.49911
245 6 0 11 0 11.15545
245 6 0 11 1 9.91342
245 6 0 11 2 18.43971
245 6 0 11 3 9.93342
245 6 0 11 4 10.65498
245 6 0 11 5 9.57947
245 6 0 11 6 18.06040
245 6 0 11 7 9.55832
245 6 0 11 8 10.60614
246 6 0 12 0 7.98348
246 6 0 12 1 7.26822
246 6 0 12 2 14.49693
246 6 0 12 3 6.52168
246 6 0 12 4 7.30978
246 6 0 12 5 6.81691
246 6 0 12 6 14.82724
246 6 0 12 7 6.59100
246 6 0 12 8 7.78389
247 6 0 13 0 7.26066
247 6 0 13 1 7.35336
247 6 0 13 2 12.46566
247 6 0 13 3 5.93653
247 6 0 13 4 6.62551
247 6 0 13 5 6.81570
247 6 0 13 6 13.24028
247 6 0 13 7 6.46450
247 6 0 13 8 7.43741
248 6 0 14 0 13.41671
248 6 0 14 1 12.31231
248 6 0 14 2 17.49994
248 6 0 14 3 12.59044
248 6 0 14 4 12.24971
248 6 0 14 5 12.41234
248 6 0 14 6 16.60793
248 6 0 14 7 12.56350
248 6 0 14 8 12.94288
249 6 0 15 0 9.78947
249 6 0 15 1 8.89174
249 6 0 15 2 14.01790
249 6 0 15 3 8.93817
249 6 0 15 4 8.98911
249 6 0 15 5 8.67098
249 6 0 15 6 13.84346
249 6 0 15 7 9.11517
249 6 0 15 8 9.69719
250 6 0 16 0 7.58600
250 6 0 16 1 7.18730
250 6 0 16 2 11.32370
250 6 0 16 3 6.87040
250 6 0 16 4 6.97884
250 6 0 16 5 6.81679
250 6 0 16 6 11.94958
250 6 0 16 7 7.72151
250 6 0 16 8 8.05046
251 6 0 17 0 7.30116
251 6 0 17 1 7.25653
251 6 0 17 2 10.36789
251 6 0 17 3 6.80113
251 6 0 17 4 6.69379
251 6 0 17 5 6.86443
251 6 0 17 6 11.36174
251 6 0 17 7 7.95358
251 6 0 17 8 7.99035
252 6 0 0 0 15.01040
252 6 0 0 1 13.28230
252 6 0 0 2 21.56391
252 6 0 0 3 14.49675
252 6 0 0 4 14.85910
252 6 0 0 5 13.24924
252 6 0 0 6 20.69193
252 6 0 0 7 13.75004
252 6 0 0 8 14.85623
253 6 0 1 0 11.25931
253 6 0 1 1 9.83646
253 6 0 1 2 18.10242
253 6 0 1 3 9.86295
253 6 0 1 4 10.83113
253 6 0 1 5 9.52927
253 6 0 1 6 17.59348
253 6 0 1 7 9.75778
253 6 0 1 8 11.36520
254 6 0 2 0 8.37115
254 6 0 2 1 7.48150
254 6 0 2 2 14.29242
254 6 0 2 3 6.30622
254 6 0 2 4 7.74390
254 6 0 2 5 7.02553
254 6 0 2 6 14.41329
254 6 0 2 7 6.98211
254 6 0 2 8 8.79687
255 6 0 3 0 7.62398
255 6 0 3 1 7.46911
255 6 0 3 2 12.52413
255 6 0 3 3 5.72994
255 6 0 3 4 7.04049
255 6 0 3 5 6.93296
255 6 0 3 6 13.15309
255 6 0 3 7 6.87814
255 6 0 3 8 8.45300
256 6 1 4 0 12.88039
256 6 1 4 1 11.20758
256 6 1 4 2 17.29780
256 6 1 4 3 11.03191
256 6 1 4 4 11.00741
256 6 1 4 5 10.39396
256 6 1 4 6 17.47005
256 6 1 4 7 12.06736
256 6 1 4 8 12.98468
257 6 1 5 0 9.38246
257 6 1 5 1 8.08950
257 6 1 5 2 14.42574
257 6 1 5 3 7.71185
257 6 1 5 4 8.00608
257 6 1 5 5 7.31939
257 6 1 5 6 15.15377
257 6 1 5 7 8.83224
257 6 1 5 8 9.46125
258 6 1 6 0 7.65922
258 6 1 6 1 7.03886
258 6 1 6 2 12.17680
258 6 1 6 3 6.64641
258 6 1 6 4 6.76307
258 6 1 6 5 6.36798
258 6 1 6 6 12.94572
258 6 1 6 7 7.30621
258 6 1 6 8 7.63144
259 6 1 7 0 7.30202
259 6 1 7 1 7.11023
259 6 1 7 2 11.20866
259 6 1 7 3 6.94529
259 6 1 7 4 6.83038
259 6 1 7 5 6.72007
259 6 1 7 6 11.85788
259 6 1 7 7 7.41974
259 6 1 7 8 7.29560
260 6 1 8 0 11.65655
260 6 1 8 1 9.66108
260 6 1 8 2 18.76931
260 6 1 8 3 9.57536
260 6 1 8 4 10.48790
260 6 1 8 5 8.95305
260 6 1 8 6 20.08410
260 6 1 8 7 10.87103
260 6 1 8 8 12.17719
261 6 1 9 0 10.18104
261 6 1 9 1 8.46820
261 6 1 9 2 17.80858
261 6 1 9 3 7.84408
261 6 1 9 4 8.98619
261 6 1 9 5 7.61161
261 6 1 9 6 18.75937
261 6 1 9 7 8.71886
261 6 1 9 8 10.70090
262 6 1 10 0 8.63120
262 6 1 10 1 7.43584
262 6 1 10 2 15.73340
262 6 1 10 3 6.33805
262 6 1 10 4 7.76178
262 6 1 10 5 6.72033
262 6 1 10 6 16.43301
262 6 1 10 7 7.09124
262 6 1 10 8 8.88234
263 6 1 11 0 7.27514
263 6 1 11 1 7.42215
263 6 1 11 2 13.26017
263 6 1 11 3 5.67818
263 6 1 11 4 6.70279
263 6 1 11 5 6.88361
263 6 1 11 6 13.53441
263 6 1 11 7 5.96818
263 6 1 11 8 7.33432
264 6 1 12 0 12.26156
264 6 1 12 1 10.81866
264 6 1 12 2 17.18564
264 6 1 12 3 10.67224
264 6 1 12 4 10.69317
264 6 1 12 5 9.99168
264 6 1 12 6 17.43355
264 6 1 12 7 11.55454
264 6 1 12 8 12.53108
265 6 1 13 0 9.15132
265 6 1 13 1 8.11489
265 6 1 13 2 14.55777
265 6 1 13 3 7.76815
265 6 1 13 4 7.84752
265 6 1 13 5 7.21093
265 6 1 13 6 15.39801
265 6 1 13 7 8.70533
265 6 1 13 8 9.20594
266 6 1 14 0 7.53589
266 6 1 14 1 7.07390
266 6 1 14 2 12.36681
266 6 1 14 3 6.67996
266 6 1 14 4 6.61892
266 6 1 14 5 6.35299
266 6 1 14 6 13.10630
266 6 1 14 7 7.30704
266 6 1 14 8 7.39151
267 6 1 15 0 7.17447
267 6 1 15 1 7.08279
267 6 1 15 2 11.30439
267 6 1 15 3 6.92143
267 6 1 15 4 6.60120
267 6 1 15 5 6.59811
267 6 1 15 6 11.82752
267 6 1 15 7 7.28906
267 6 1 15 8 7.04776
268 6 1 16 0 12.69551
268 6 1 16 1 11.02372
268 6 1 16 2 19.60982
268 6 1 16 3 10.81667
268 6 1 16 4 11.85038
268 6 1 16 5 10.28668
268 6 1 16 6 21.16619
268 6 1 16 7 11.96512
268 6 1 16 8 13.50887
269 6 1 17 0 9.86464
269 6 1 17 1 8.33186
269 6 1 17 2 17.21830
269 6 1 17 3 7.35901
269 6 1 17 4 8.88808
269 6 1 17 5 7.47025
269 6 1 17 6 18.25220
269 6 1 17 7 8.31752
269 6 1 17 8 10.44491
270 6 1 0 0 7.75273
270 6 1 0 1 6.70104
270 6 1 0 2 14.26839
270 6 1 0 3 5.33995
270 6 1 0 4 6.96463
270 6 1 0 5 6.03998
270 6 1 0 6 14.81812
270 6 1 0 7 5.89104
270 6 1 0 8 7.91827
271 6 1 1 0 7.24404
271 6 1 1 1 6.80753
271 6 1 1 2 12.68040
271 6 1 1 3 5.61783
271 6 1 1 4 6.82698
271 6 1 1 5 6.43235
271 6 1 1 6 12.86581
271 6 1 1 7 5.87199
271 6 1 1 8 7.40284
272 6 2 2 0 14.78517
272 6 2 2 1 13.65487
272 6 2 2 2 16.26286
272 6 2 2 3 13.73595
272 6 2 2 4 13.77183
272 6 2 2 5 13.53544
272 6 2 2 6 16.45787
272 6 2 2 7 14.10449
272 6 2 2 8 14.55192
273 6 2 3 0 12.22975
273 6 2 3 1 11.69571
273 6 2 3 2 14.30085
273 6 2 3 3 11.40580
273 6 2 3 4 11.52496
273 6 2 3 5 11.33815
273 6 2 3 6 14.59484
273 6 2 3 7 11.88033
273 6 2 3 8 12.07613
274 6 2 4 0 11.15911
274 6 2 4 1 10.98824
274 6 2 4 2 12.87782
274 6 2 4 3 10.46430
274 6 2 4 4 10.60131
274 6 2 4 5 10.61090
274 6 2 4 6 13.17872
274 6 2 4 7 10.81411
274 6 2 4 8 11.01605
275 6 2 5 0 10.82184
275 6 2 5 1 10.90613
275 6 2 5 2 12.40001
275 6 2 5 3 10.36742
275 6 2 5 4 10.28556
275 6 2 5 5 10.50477
275 6 2 5 6 12.69744
275 6 2 5 7 10.71901
275 6 2 5 8 10.66301
276 6 2 6 0 16.74841
276 6 2 6 1 15.70690
276 6 2 6 2 18.95591
276 6 2 6 3 15.81530
276 6 2 6 4 16.05379
276 6 2 6 5 15.20646
276 6 2 6 6 19.69642
276 6 2 6 7 16.34089
276 6 2 6 8 16.77023
277 6 2 7 0 14.68747
277 6 2 7 1 14.02068
277 6 2 7 2 17.23350
277 6 2 7 3 13.81419
277 6 2 7 4 14.08202
277 6 2 7 5 13.70836
277 6 2 7 6 17.67818
277 6 2 7 7 14.10152
277 6 2 7 8 14.66347
278 6 2 8 0 13.31710
278 6 2 8 1 13.09354
278 6 2 8 2 15.78897
278 6 2 8 3 12.58837
278 6 2 8 4 12.87792
278 6 2 8 5 12.98349
278 6 2 8 6 15.98707
278 6 2 8 7 12.68385
278 6 2 8 8 13.02787
279 6 2 9 0 12.93838
279 6 2 9 1 12.90428
279 6 2 9 2 15.13655
279 6 2 9 3 12.29507
279 6 2 9 4 12.50110
279 6 2 9 5 12.85364
279 6 2 9 6 15.15577
279 6 2 9 7 12.33428
279 6 2 9 8 12.53073
280 6 2 10 0 13.60203
280 6 2 10 1 11.85456
280 6 2 10 2 18.14737
280 6 2 10 3 11.88688
280 6 2 10 4 11.87284
280 6 2 10 5 11.32268
280 6 2 10 6 18.32087
280 6 2 10 7 12.51094
280 6 2 10 8 13.03897
281 6 2 11 0 9.63162
281 6 2 11 1 8.56082
281 6 2 11 2 14.84756
281 6 2 11 3 8.24435
281 6 2 11 4 8.28952
281 6 2 11 5 7.47907
281 6 2 11 6 15.84052
281 6 2 11 7 9.11412
281 6 2 11 8 9.61650
282 6 2 12 0 7.82745
282 6 2 12 1 7.39594
282 6 2 12 2 12.49562
282 6 2 12 3 6.94488
282 6 2 12 4 6.78836
282 6 2 12 5 6.44577
282 6 2 12 6 13.50477
282 6 2 12 7 7.67979
282 6 2 12 8 7.73208
283 6 2 13 0 7.51286
283 6 2 13 1 7.30471
283 6 2 13 2 11.34869
283 6 2 13 3 7.19712
283 6 2 13 4 6.91000
283 6 2 13 5 6.83659
283 6 2 13 6 12.28307
283 6 2 13 7 7.69103
283 6 2 13 8 7.29663
284 6 2 14 0 14.47290
284 6 2 14 1 12.76538
284 6 2 14 2 22.00724
284 6 2 14 3 12.81138
284 6 2 14 4 13.79022
284 6 2 14 5 12.23334
284 6 2 14 6 23.00095
284 6 2 14 7 13.21863
284 6 2 14 8 14.75343
285 6 2 15 0 11.38664
285 6 2 15 1 9.49587
285 6 2 15 2 19.22971
285 6 2 15 3 8.83873
285 6 2 15 4 10.46448
285 6 2 15 5 8.89153
285 6 2 15 6 19.89590
285 6 2 15 7 9.32882
285 6 2 15 8 11.62705
286 6 2 16 0 8.95589
286 6 2 16 1 7.36057
286 6 2 16 2 16.18657
286 6 2 16 3 6.08626
286 6 2 16 4 8.28960
286 6 2 16 5 6.86574
286 6 2 16 6 16.64883
286 6 2 16 7 6.63296
286 6 2 16 8 9.18891
287 6 2 17 0 8.57157
287 6 2 17 1 7.16085
287 6 2 17 2 14.46167
287 6 2 17 3 6.02253
287 6 2 17 4 7.99053
287 6 2 17 5 6.97875
287 6 2 17 6 14.88730
287 6 2 17 7 6.34187
287 6 2 17 8 8.60341
