23034006 1643868100
23034005 1643867907
23034004 1643867752
23033017 1643789043
23033016 1643788934
23032038 1643740776
23032037 1643740636
23031018 1643633027
23031017 1643632912
23030055 1643591207
23030027 1643549519
23030026 1643549354
23029043 1643491199
23029042 1643490954
23029019 1643454404
23029018 1643454159
23028029 1643381718
23028027 1643381531
23027021 1643288341
23027020 1643288207
23027019 1643288064
23027018 1643287535
23026052 1643235822
23026049 1643233986
23026048 1643233597
23026031 1643210161
23026029 1643209664
23026012 1643183010
23026011 1643182387
23025048 1643143579
23025047 1643143367
23024042 1643040230
23024041 1643040140
23024040 1643039664
23024038 1643038858
23024037 1643038693
23024036 1643038537
23023067 1642991940
23023065 1642991317
23022025 1642862331
23022024 1642862207
23021007 1642748289
23021006 1642748163
23020026 1642686337
23020025 1642686128
23019029 1642597547
23019028 1642597170
23018037 1642511236
23018036 1642510990
23017006 1642399948
23017001 1642396976
23016107 1642394753
23016055 1642357167
23016054 1642351677
23016053 1642351521
23015004 1642230829
23015003 1642230627
23014044 1642199346
23014042 1642198438
23014041 1642198212
23013039 1642090196
23012057 1642005457
23012055 1642005074
23012052 1642001593
23012050 1642001349
23012037 1641998349
23012036 1641998221
23012025 1641991916
23011068 1641951596
23011038 1641911905
23010063 1641870729
23010059 1641869592
23010058 1641869085
23009026 1641736506
23009025 1641735916
23008061 1641677047
23008060 1641676928
23008040 1641657033
23008006 1641621602
23007084 1641589627
23007080 1641589147
23007060 1641572058
23007041 1641557957
23007002 1641533043
23007001 1641532934
23006030 1641529164
23006022 1641503132
23006019 1641502089
23006018 1641501822
23006015 1641488463
23006004 1641477974
23006003 1641477650
23005075 1641443787
23005074 1641443715
23005073 1641443644
23005072 1641443583
23005063 1641430360
23005061 1641429987
23005060 1641429744
23005057 1641424544
23005052 1641420308
23005039 1641415409
23005038 1641414454
23005037 1641414286
23005035 1641412792
23005033 1641411310
23004079 1641356203
23004058 1641337549
23004056 1641336224
23004054 1641335576
23001043 1641061295
23001041 1641060830
22365064 1640976822
22365062 1640976591
22365059 1640974865
22364097 1640911456
22364096 1640911319
22364095 1640911172
22363033 1640787566
22363031 1640787268
22362052 1640724344
22362051 1640724243
22362047 1640722882
22362046 1640722603
22362045 1640722357
22361008 1640622756
22361003 1640609853
22361001 1640609624
22360025 1640534529
22360023 1640534200
22359022 1640452541
22359020 1640452213
22358012 1640355686
22358011 1640355247
22358010 1640354839
22358007 1640351710
22357041 1640290053
22357031 1640271634
22357030 1640271455
22357029 1640271310
22355039 1640109111
22354037 1640023447
22354036 1640022908
22354034 1640022504
22354032 1640021387
22354031 1640020326
22354029 1640018037
22353026 1639947735
22353025 1639946885
22353024 1639933876
22352034 1639836129
22352033 1639835968
22352032 1639835840
22351044 1639755155
22351037 1639748458
22351036 1639748288
22349077 1639612709
22349074 1639611986
22349072 1639611635
22349068 1639605675
22349065 1639605146
22349064 1639604801
22349063 1639604468
22349060 1639603667
22349058 1639601881
22349057 1639601483
22349056 1639601215
22349054 1639595461
22349050 1639593036
22349049 1639592520
22349044 1639588863
22349035 1639587286
22349023 1639564317
22349022 1639564167
22349020 1639563767
22349019 1639563607
22349012 1639556455
22349009 1639554635
22349005 1639553046
22348029 1639487190
22348027 1639486714
22348015 1639467721
22348012 1639466357
22347080 1639455628
22347079 1639455468
22347057 1639426907
22347056 1639424998
22347053 1639424426
22347051 1639423912
22347050 1639423734
22347048 1639423456
22347039 1639416476
22347035 1639406977
22347033 1639406319
22347015 1639397064
22346051 1639370405
22346050 1639370218
22346049 1639369862
22346047 1639367450
22346046 1639367191
22346045 1639367088
22346044 1639366681
22346027 1639340409
22345014 1639218105
22345013 1639217791
22344022 1639135556
22344019 1639135160
22344018 1639134879
22343027 1639075624
22343026 1639075173
22342053 1639007078
22342052 1639006661
22342044 1638988310
22342035 1638979125
22342031 1638976997
22342026 1638968688
22342024 1638968298
22342021 1638967787
22341034 1638918490
22341032 1638917639
22341004 1638866918
22341003 1638864188
22340056 1638826256
22340045 1638813336
22340044 1638813191
22340039 1638812492
22339038 1638730420
22339036 1638729805
22339035 1638729717
22339023 1638715384
22339022 1638715060
22338031 1638638233
22338025 1638632948
22338024 1638632829
22337066 1638577094
22337065 1638576884
22337056 1638571716
22337055 1638571083
22337050 1638566984
22337036 1638539465
22337035 1638537309
22336071 1638488111
22336063 1638486414
22336062 1638486077
22336056 1638475905
22336055 1638475785
22336036 1638460939
22336033 1638460062
22336032 1638459923
22336017 1638442212
22336016 1638442023
22335084 1638413813
22335083 1638413627
22335064 1638391512
22335063 1638391313
22335046 1638379140
22335042 1638375070
22335037 1638374121
22335029 1638370146
22335026 1638368848
22335025 1638368613
22335024 1638368478
22335023 1638368225
22335022 1638368107
22335015 1638358689
22335014 1638358484
22334088 1638334345
22334087 1638334143
22334082 1638330273
22334081 1638329773
22334080 1638329475
22334079 1638329183
22334078 1638328796
22334077 1638328618
22334076 1638327620
22334075 1638325817
22334074 1638325482
22334073 1638325010
22334071 1638324212
22334069 1638318422
22334068 1638318307
22334065 1638317448
22334064 1638317350
22334062 1638305215
22334061 1638304020
22334059 1638303638
22334058 1638303474
22334054 1638302202
22334051 1638301406
22334049 1638300551
22334048 1638300382
22334046 1638299415
22334045 1638299206
22334044 1638299075
22334037 1638289185
22334029 1638288160
22334025 1638286396
22334024 1638286236
22334011 1638266565
22334010 1638266373
22333040 1638231330
22333038 1638230507
22333023 1638188412
22333022 1638188228
22333018 1638182769
22333017 1638182567
22333010 1638177297
22333009 1638177007
22332060 1638155279
22332059 1638154897
22332045 1638130339
22332038 1638122121
22332037 1638121934
22332029 1638113130
22332009 1638088030
22332007 1638087762
22331049 1638059229
22331047 1638058976
22331025 1638027827
22331024 1638027365
22331023 1638027198
22331015 1638012547
22331014 1638012170
22330059 1637983344
22330058 1637983048
22330038 1637942246
22330033 1637935773
22330032 1637935617
22330011 1637917341
22330010 1637917138
22329061 1637895716
22329060 1637895452
22329029 1637860297
22329020 1637848873
22329019 1637848741
22329009 1637832914
22329008 1637832715
22328060 1637805472
22328059 1637804876
22328040 1637771600
22328039 1637771446
22328028 1637753747
22328027 1637753559
22327058 1637729923
22327057 1637729753
22327033 1637691996
22327032 1637691798
22327012 1637657160
22327009 1637655807
22327008 1637655538
22326081 1637642469
22326080 1637642321
22326029 1637596629
22326028 1637596435
22326010 1637572401
22326009 1637572239
22325093 1637545731
22325092 1637545583
22325045 1637512528
22325044 1637512361
22325012 1637480733
22325011 1637480390
22324073 1637469849
22324072 1637469703
22324068 1637468961
22324031 1637426542
22324030 1637426431
22324006 1637391573
22324005 1637391422
22323071 1637362916
22323070 1637362782
22323053 1637349125
22323048 1637346247
22323047 1637346125
22323042 1637337763
22323041 1637337588
22323013 1637306493
22323012 1637306312
22322083 1637281165
22322082 1637280999
22322007 1637222105
22322006 1637221903
22321086 1637197748
22321084 1637197564
22321078 1637193892
22321069 1637184221
22321068 1637184028
22321067 1637183843
22321054 1637175787
22321053 1637175441
22321031 1637164680
22321029 1637164464
22321005 1637130021
22321004 1637129789
22320071 1637100666
22320070 1637100514
22320048 1637082686
22320029 1637071928
22320028 1637071748
22320004 1637043221
22320003 1637043056
22319110 1637037695
22319109 1637037558
22319089 1637023066
22319088 1637022730
22319071 1637009378
22319070 1637009022
22319069 1637008725
22319067 1637008529
22319066 1637008359
22319065 1637008211
22319064 1637008109
22319063 1637007951
22319059 1637007008
22319055 1637005242
22319024 1636981078
22319023 1636980921
22319012 1636967455
22319011 1636967278
22318096 1636933200
22318091 1636932499
22318090 1636932358
22318089 1636932123
22318088 1636931969
22318084 1636924597
22318083 1636924432
22318048 1636908698
22318047 1636908530
22318023 1636885653
22318022 1636885465
22317090 1636853894
22317085 1636850283
22317084 1636849988
22317083 1636849294
22317082 1636849039
22317081 1636848866
22317045 1636813601
22317044 1636813529
22317043 1636813373
22317008 1636791277
22317007 1636791113
22316095 1636771573
22316091 1636769016
22316090 1636768943
22316056 1636753689
22316055 1636753625
22316054 1636753558
22316052 1636753299
22316051 1636753157
22316050 1636751672
22316048 1636749102
22316022 1636712169
22316021 1636711963
22316020 1636711643
22316003 1636695506
22316002 1636695435
22315113 1636689923
22315112 1636689857
22315111 1636688890
22315091 1636671901
22315090 1636671756
22315032 1636638758
22315029 1636634273
22315028 1636633914
22315018 1636620592
22315017 1636619991
22315015 1636619098
22314063 1636598240
22314060 1636596158
22314035 1636570760
22314032 1636569458
22314031 1636569100
22314027 1636568362
22314007 1636551609
22313003 1636473829
22313002 1636473370
22310014 1636229856
22310006 1636228069
22310003 1636223447
22309009 1636134070
22308002 1636053203
22308001 1636052877
22298001 1635145732
